0.10572648048400879,105.0
0.2705352306365967,105.0
0.43590211868286133,105.0
0.6003494262695312,127.0
0.7653670310974121,127.0
0.9299285411834717,127.0
1.0950813293457031,128.0
1.2595632076263428,128.0
1.4246585369110107,128.0
1.5891962051391602,128.0
1.75400710105896,150.0
1.918868064880371,127.0
2.08361554145813,127.0
2.2486531734466553,127.0
2.4131436347961426,154.0
2.5780937671661377,154.0
2.7429299354553223,154.0
2.9078547954559326,154.0
3.0725045204162598,132.0
3.237260580062866,132.0
3.4021944999694824,132.0
3.566920518875122,132.0
3.7320852279663086,105.0
3.89631724357605,105.0
4.061278343200684,105.0
4.226068735122681,105.0
4.391196012496948,105.0
4.555758714675903,105.0
4.720695495605469,105.0
4.885389804840088,105.0
5.050084352493286,105.0
5.215207576751709,107.0
5.379559516906738,107.0
5.544267177581787,108.0
5.709133148193359,132.0
5.87400484085083,134.0
6.0388195514678955,134.0
6.203527212142944,134.0
6.3683881759643555,134.0
6.533263444900513,132.0
6.698042631149292,132.0
6.8628294467926025,131.0
7.027533054351807,107.0
7.192362070083618,106.0
7.357223987579346,106.0
7.521966218948364,106.0
7.686833620071411,106.0
7.851696252822876,106.0
8.016372203826904,106.0
8.181262969970703,106.0
8.346041440963745,106.0
8.510846614837646,106.0
8.675690412521362,106.0
8.840574264526367,127.0
9.005251407623291,127.0
9.170107364654541,127.0
9.3348228931427,127.0
9.499686241149902,127.0
9.664458990097046,158.0
9.829289674758911,156.0
9.994014263153076,156.0
10.158905506134033,135.0
10.324051141738892,135.0
10.48885178565979,135.0
10.653656005859375,135.0
10.818503618240356,135.0
10.983209609985352,105.0
11.148096799850464,105.0
11.313087463378906,105.0
11.477704048156738,110.0
11.642436742782593,110.0
11.807308435440063,140.0
11.972171545028687,140.0
12.136931657791138,140.0
12.301766633987427,140.0
12.466456890106201,144.0
12.631303071975708,164.0
12.796360969543457,158.0
12.960832834243774,187.0
13.125789642333984,157.0
13.290573120117188,157.0
13.455383777618408,157.0
13.620187520980835,157.0
13.784868001937866,153.0
13.949657201766968,133.0
14.11476469039917,133.0
14.279273986816406,105.0
14.444203615188599,105.0
14.609049081802368,105.0
14.773847103118896,105.0
14.93887972831726,107.0
15.103320360183716,108.0
15.268179416656494,140.0
15.433061599731445,141.0
15.59803056716919,141.0
15.762658596038818,141.0
15.92756986618042,141.0
16.092294216156006,141.0
16.25732946395874,138.0
16.421846628189087,138.0
16.58650779724121,106.0
16.751652240753174,105.0
16.916284561157227,105.0
17.081114530563354,107.0
17.24584436416626,108.0
17.410927057266235,108.0
17.57553458213806,108.0
17.740336656570435,108.0
17.90498161315918,108.0
18.069694995880127,131.0
18.23473572731018,131.0
18.39934229850769,129.0
18.56422710418701,129.0
18.72906184196472,128.0
18.893949508666992,130.0
19.0589816570282,130.0
19.223458290100098,130.0
19.38852024078369,130.0
19.553083181381226,130.0
19.717999696731567,129.0
19.882768154144287,129.0
20.047633171081543,151.0
20.21233034133911,170.0
20.377206563949585,170.0
20.541919946670532,191.0
20.70677614212036,194.0
20.871824026107788,194.0
21.036303520202637,194.0
21.201180934906006,194.0
21.366007328033447,173.0
21.530846118927002,151.0
21.69589376449585,151.0
21.860387563705444,134.0
22.02534794807434,109.0
22.189971923828125,138.0
22.35477304458618,163.0
22.51996374130249,163.0
22.684295177459717,165.0
22.849159240722656,164.0
23.014012813568115,164.0
23.179118394851685,161.0
23.343421936035156,161.0
23.50838804244995,132.0
23.673110246658325,107.0
23.838029384613037,107.0
24.002997875213623,105.0
24.167555332183838,105.0
24.332746982574463,105.0
24.497183084487915,105.0
24.66201615333557,105.0
24.826876401901245,105.0
24.991963863372803,105.0
25.156291246414185,106.0
25.32153010368347,106.0
25.486249923706055,106.0
25.650859832763672,106.0
25.81570863723755,106.0
25.980525016784668,106.0
26.145596027374268,106.0
26.309994220733643,106.0
26.474915266036987,105.0
26.63976526260376,105.0
26.80483913421631,105.0
26.96939182281494,105.0
27.134320497512817,105.0
27.298990964889526,105.0
27.46408772468567,105.0
27.628567457199097,105.0
27.79354953765869,105.0
27.95815420150757,105.0
28.123076915740967,105.0
28.287712574005127,105.0
28.452869415283203,105.0
28.617415189743042,105.0
28.78242564201355,105.0
28.94688630104065,144.0
29.11180877685547,167.0
29.276585817337036,191.0
29.441301107406616,213.0
29.60620427131653,245.0
29.770939350128174,278.0
29.93584966659546,278.0
30.100775718688965,309.0
30.265538692474365,271.0
30.430362462997437,268.0
30.595195531845093,267.0
30.75985598564148,244.0
30.92478060722351,213.0
31.089555740356445,180.0
31.254377603530884,180.0
31.419216871261597,148.0
31.58425998687744,147.0
31.748751163482666,127.0
31.913655757904053,105.0
32.07837700843811,105.0
32.243263244628906,105.0
32.40816068649292,126.0
32.572893142700195,146.0
32.73765802383423,148.0
32.902371644973755,155.0
33.06736874580383,155.0
33.23189377784729,155.0
33.39717149734497,181.0
33.56146001815796,206.0
33.72639727592468,185.0
33.89147329330444,208.0
34.05600905418396,206.0
34.22104358673096,199.0
34.38568353652954,199.0
34.55034375190735,199.0
34.71524620056152,173.0
34.87999868392944,149.0
35.04519319534302,149.0
35.20954418182373,105.0
35.374589681625366,105.0
35.5393385887146,105.0
35.70425367355347,131.0
35.86895418167114,153.0
36.03393077850342,153.0
36.198468923568726,152.0
36.36337208747864,152.0
36.52799677848816,152.0
36.692973136901855,152.0
36.858041286468506,152.0
37.02239465713501,126.0
37.18745684623718,105.0
37.35211133956909,129.0
37.51704454421997,153.0
37.681591510772705,153.0
37.84652018547058,153.0
38.01138615608215,175.0
38.17611813545227,175.0
38.341071367263794,197.0
38.505759954452515,222.0
38.67087268829346,243.0
38.835245847702026,219.0
39.00020170211792,219.0
39.16490936279297,219.0
39.32968282699585,197.0
39.49458909034729,197.0
39.659348011016846,176.0
39.824283599853516,198.0
39.98907661437988,182.0
40.154130697250366,229.0
40.31850600242615,229.0
40.48350143432617,251.0
40.64821791648865,272.0
40.81298899650574,281.0
40.97784495353699,281.0
41.14256525039673,234.0
41.30763530731201,209.0
41.4722855091095,161.0
41.6370587348938,161.0
41.80187249183655,160.0
41.96659731864929,139.0
42.13182806968689,130.0
42.296262979507446,130.0
42.46137189865112,130.0
42.62587237358093,126.0
42.790815591812134,126.0
42.955482959747314,149.0
43.12032389640808,149.0
43.28510665893555,172.0
43.449952125549316,172.0
43.61500883102417,172.0
43.77955198287964,172.0
43.94465136528015,196.0
44.10913157463074,196.0
44.27400088310242,173.0
44.43879437446594,160.0
44.60350298881531,137.0
44.7684211730957,137.0
44.933160066604614,137.0
45.09817934036255,137.0
45.26282048225403,113.0
45.42762994766235,113.0
45.59264397621155,113.0
45.75706624984741,105.0
45.92215871810913,105.0
46.086875915527344,105.0
46.251713514328,105.0
46.41641092300415,105.0
46.5814528465271,105.0
46.746023654937744,128.0
46.911044120788574,128.0
47.075772285461426,128.0
47.240612745285034,128.0
47.40555953979492,128.0
47.57016110420227,128.0
47.73500108718872,128.0
47.89982628822327,128.0
48.06488823890686,125.0
48.22938656806946,125.0
48.3943567276001,125.0
48.558948040008545,146.0
48.72388577461243,146.0
48.88859033584595,146.0
49.053444623947144,146.0
49.21816062927246,146.0
49.383166551589966,126.0
49.54779577255249,126.0
49.71287298202515,126.0
49.87742018699646,105.0
50.0422146320343,128.0
50.20700407028198,128.0
50.37184953689575,128.0
50.53676247596741,155.0
50.70148849487305,182.0
50.86627531051636,182.0
51.03099298477173,205.0
51.196192026138306,205.0
51.36043977737427,181.0
51.52540826797485,201.0
51.690218925476074,201.0
51.855058908462524,174.0
52.01987361907959,170.0
52.18501663208008,191.0
52.34947156906128,182.0
52.51438045501709,182.0
52.679084062576294,182.0
52.843801975250244,162.0
53.00903105735779,162.0
53.17349410057068,183.0
53.33847141265869,183.0
53.50319290161133,163.0
53.668195486068726,149.0
53.832685708999634,149.0
53.99779224395752,149.0
54.16230058670044,149.0
54.327258825302124,149.0
54.49194955825806,128.0
54.65664076805115,106.0
54.82157826423645,126.0
54.98634934425354,175.0
55.151379346847534,175.0
55.31585669517517,175.0
55.481082916259766,175.0
55.645538330078125,175.0
55.810617208480835,175.0
55.97523212432861,175.0
56.140047788619995,153.0
56.30508089065552,125.0
56.4695200920105,155.0
56.6347439289093,155.0
56.79930305480957,179.0
56.964104652404785,205.0
57.12885904312134,205.0
57.293874979019165,205.0
57.45845603942871,205.0
57.62321615219116,184.0
57.788031339645386,154.0
57.95294547080994,154.0
58.11800289154053,130.0
58.28234243392944,105.0
58.44736886024475,133.0
58.61214852333069,133.0
58.776976108551025,133.0
58.94172406196594,133.0
59.10673236846924,133.0
59.27126336097717,133.0
59.436115026474,133.0
59.60094428062439,133.0
59.765629053115845,105.0
59.93071269989014,105.0
60.095338344573975,105.0
60.26038646697998,105.0
60.42492318153381,105.0
60.5899224281311,105.0
60.75466990470886,105.0
60.9194073677063,105.0
61.08413624763489,105.0
61.2490348815918,130.0
61.413838148117065,130.0
61.57858180999756,130.0
61.74342226982117,159.0
61.90818762779236,159.0
62.07314944267273,159.0
62.23783469200134,159.0
62.40290665626526,159.0
62.56750249862671,129.0
62.73236346244812,124.0
62.897074699401855,120.0
63.06182527542114,86.0
63.22644639015198,81.0
63.391425371170044,77.0
63.556058406829834,72.0
63.72094416618347,69.0
63.8856885433197,73.0
64.05053758621216,78.0
64.2152783870697,83.0
64.38036513328552,87.0
64.54482436180115,92.0
64.70969128608704,97.0
64.87479281425476,101.0
65.03946995735168,105.0
65.2045738697052,105.0
65.36912751197815,105.0
65.53396105766296,105.0
65.69877672195435,125.0
65.86357069015503,125.0
66.0284571647644,125.0
66.19320940971375,148.0
66.35806035995483,148.0
66.5228796005249,150.0
66.68776035308838,150.0
66.8526177406311,195.0
67.0172278881073,174.0
67.18206596374512,174.0
67.34685492515564,174.0
67.5116834640503,173.0
67.67635893821716,173.0
67.84141707420349,171.0
68.00592851638794,171.0
68.17087888717651,126.0
68.33552765846252,126.0
68.5005395412445,126.0
68.66523933410645,126.0
68.83005857467651,105.0
68.9951241016388,132.0
69.15951037406921,132.0
69.324631690979,132.0
69.48918795585632,132.0
69.65433144569397,132.0
69.81900882720947,132.0
69.98385548591614,132.0
70.14843678474426,132.0
70.31343698501587,105.0
70.47815752029419,105.0
70.64298176765442,105.0
70.80778908729553,105.0
70.97264385223389,105.0
71.13742685317993,106.0
71.3022038936615,106.0
71.46707963943481,106.0
71.63158679008484,125.0
71.79682517051697,125.0
71.9612488746643,125.0
72.12627601623535,125.0
72.29094099998474,125.0
72.45578932762146,123.0
72.62065076828003,124.0
72.78572535514832,124.0
72.95028281211853,105.0
73.11504936218262,105.0
73.27980470657349,105.0
73.44466853141785,105.0
73.60947299003601,105.0
73.77412724494934,105.0
73.93914246559143,105.0
74.1038601398468,131.0
74.26880097389221,131.0
74.43356704711914,154.0
74.59843683242798,154.0
74.7630307674408,195.0
74.92779731750488,195.0
75.09300541877747,195.0
75.25746774673462,195.0
75.42259454727173,168.0
75.58706712722778,168.0
75.75194525718689,145.0
75.91681599617004,145.0
76.08148241043091,105.0
76.24651050567627,126.0
76.41115283966064,126.0
76.57597303390503,126.0
76.74068784713745,153.0
76.9054753780365,153.0
77.07040476799011,153.0
77.23528456687927,153.0
77.39998197555542,153.0
77.5651113986969,132.0
77.72952795028687,132.0
77.89457082748413,132.0
78.0592052936554,128.0
78.22411704063416,128.0
78.38884997367859,128.0
78.55364847183228,128.0
78.71847319602966,128.0
78.88319134712219,128.0
79.04803895950317,129.0
79.21286296844482,129.0
79.3777163028717,105.0
79.54246473312378,105.0
79.70732498168945,105.0
79.8721182346344,132.0
80.03722071647644,132.0
80.20179104804993,132.0
80.36655116081238,131.0
80.53131628036499,158.0
80.6963403224945,158.0
80.86097860336304,158.0
81.02581405639648,158.0
81.19054889678955,170.0
81.3553876876831,199.0
81.52011108398438,199.0
81.6849455833435,199.0
81.84967255592346,200.0
82.01479530334473,200.0
82.17932868003845,229.0
82.34411025047302,229.0
82.5090868473053,191.0
82.67380332946777,195.0
82.83863687515259,195.0
83.00342607498169,195.0
83.16845750808716,198.0
83.33307242393494,198.0
83.49798917770386,169.0
83.66264533996582,169.0
83.82751727104187,169.0
83.99231386184692,136.0
84.15735960006714,136.0
84.32170677185059,136.0
84.48680377006531,105.0
84.65143823623657,105.0
84.81635332107544,105.0
84.98111772537231,105.0
85.14592123031616,102.0
85.31092977523804,102.0
85.47554588317871,102.0
85.64041471481323,102.0
85.8050606250763,102.0
85.97018218040466,102.0
86.13471603393555,102.0
86.29964017868042,102.0
86.46420311927795,105.0
86.62927269935608,105.0
86.79392766952515,113.0
86.95870804786682,113.0
87.12363076210022,113.0
87.2883198261261,113.0
87.45319652557373,113.0
87.61796402931213,113.0
87.7830216884613,113.0
87.9475793838501,113.0
88.11265897750854,105.0
88.27715516090393,105.0
88.44199728965759,105.0
88.60684967041016,113.0
88.77161383628845,113.0
88.93653130531311,113.0
89.10116076469421,113.0
89.26616668701172,113.0
89.43070411682129,113.0
89.59557628631592,113.0
89.76037454605103,113.0
89.92520260810852,105.0
90.09026384353638,105.0
90.25483798980713,105.0
90.41976761817932,105.0
90.58429050445557,105.0
90.74919939041138,101.0
90.9140841960907,101.0
91.07891345024109,101.0
91.24378657341003,101.0
91.40863013267517,101.0
91.57326483726501,101.0
91.73805332183838,101.0
91.90306210517883,101.0
92.0676257610321,102.0
92.2326762676239,102.0
92.39722633361816,102.0
92.562166929245,102.0
92.72700476646423,102.0
92.89167022705078,102.0
93.05658769607544,102.0
93.2213921546936,102.0
93.38616585731506,124.0
93.55096888542175,124.0
93.71576142311096,124.0
93.88053297996521,124.0
94.04564452171326,124.0
94.21025586128235,124.0
94.37513494491577,133.0
94.53978204727173,133.0
94.70490288734436,113.0
94.86948251724243,113.0
95.03417348861694,113.0
95.19900488853455,137.0
95.3638379573822,156.0
95.5286774635315,156.0
95.69343900680542,148.0
95.85829043388367,148.0
96.02311325073242,148.0
96.18826293945312,148.0
96.35262823104858,148.0
96.51767373085022,124.0
96.68218517303467,105.0
96.84720969200134,105.0
97.01194167137146,105.0
97.17681956291199,105.0
97.34154176712036,105.0
97.50663924217224,105.0
97.67103385925293,136.0
97.83598136901855,136.0
98.00099992752075,136.0
98.16545701026917,136.0
98.33059191703796,136.0
98.4951319694519,168.0
98.6599977016449,189.0
98.8248221874237,189.0
98.98983645439148,154.0
99.15443515777588,156.0
99.31938242912292,156.0
99.48394823074341,156.0
99.64891195297241,156.0
99.81371450424194,125.0
99.97852492332458,104.0
100.14337635040283,104.0
100.30793404579163,107.0
100.47289991378784,105.0
100.63762354850769,105.0
100.8026475906372,105.0
100.96725559234619,105.0
101.13206052780151,105.0
101.29688382148743,124.0
101.4616322517395,156.0
101.62648224830627,189.0
101.79139041900635,189.0
101.95641136169434,189.0
102.12084078788757,189.0
102.28576278686523,214.0
102.45049786567688,214.0
102.61549997329712,195.0
102.78010582923889,163.0
102.9449360370636,156.0
103.10989117622375,177.0
103.274578332901,201.0
103.439626455307,201.0
103.60420608520508,176.0
103.76920652389526,176.0
103.93370151519775,179.0
104.09883284568787,179.0
104.26333594322205,183.0
104.42819547653198,209.0
104.59298896789551,213.0
104.75793695449829,213.0
104.92252230644226,213.0
105.0872745513916,213.0
105.252028465271,210.0
105.41725540161133,210.0
105.5816969871521,180.0
105.74656653404236,133.0
105.9113872051239,105.0
106.07613015174866,135.0
106.2412040233612,146.0
106.40583944320679,146.0
106.57077217102051,146.0
106.73579788208008,154.0
106.90024065971375,154.0
107.06511569023132,154.0
107.22994780540466,183.0
107.39499163627625,152.0
107.55953288078308,172.0
107.72433090209961,172.0
107.88911437988281,172.0
108.0540497303009,164.0
108.21877455711365,164.0
108.38364243507385,164.0
108.54830265045166,169.0
108.71334767341614,168.0
108.8779730796814,138.0
109.0427737236023,141.0
109.20760416984558,141.0
109.37242531776428,141.0
109.53732252120972,141.0
109.70204782485962,141.0
109.86691951751709,108.0
110.03166913986206,108.0
110.19673156738281,108.0
110.36135458946228,105.0
110.52612209320068,105.0
110.69091796875,105.0
110.85578274726868,105.0
111.02044653892517,105.0
111.18519687652588,105.0
111.3499448299408,105.0
111.51499652862549,105.0
111.67972469329834,105.0
111.84469175338745,101.0
112.00930953025818,101.0
112.17423057556152,130.0
112.33890461921692,130.0
112.50387358665466,130.0
112.66843891143799,139.0
112.8333191871643,139.0
112.99816250801086,139.0
113.16300630569458,142.0
113.32790803909302,142.0
113.49258637428284,113.0
113.65757298469543,113.0
113.82214760780334,110.0
113.98710227012634,101.0
114.15168356895447,101.0
114.31684970855713,101.0
114.48135614395142,101.0
114.6462550163269,101.0
114.81112432479858,101.0
114.97561812400818,101.0
115.14055061340332,105.0
115.30523800849915,105.0
115.4702136516571,105.0
115.63492393493652,105.0
115.80006885528564,105.0
115.9645676612854,105.0
116.12949466705322,105.0
116.29422283172607,151.0
116.45908284187317,151.0
116.62382459640503,172.0
116.78891825675964,172.0
116.95345878601074,172.0
117.11834144592285,197.0
117.28317904472351,218.0
117.44791388511658,227.0
117.61304068565369,189.0
117.77755522727966,227.0
117.9425938129425,236.0
118.10704207420349,259.0
118.27186870574951,291.0
118.43676948547363,266.0
118.60162377357483,245.0
118.7665741443634,236.0
118.9312252998352,227.0
119.09611964225769,190.0
119.26077818870544,159.0
119.42554759979248,136.0
119.5903947353363,105.0
119.75516891479492,106.0
119.92006063461304,106.0
120.08515691757202,106.0
120.24948716163635,106.0
120.41456890106201,106.0
120.57918643951416,106.0
120.74404001235962,106.0
120.90900039672852,106.0
121.07362937927246,131.0
121.23859763145447,153.0
121.4031879901886,176.0
121.56800508499146,176.0
121.7328314781189,177.0
121.89773321151733,177.0
122.06273937225342,177.0
122.22734785079956,177.0
122.39222288131714,150.0
122.55703163146973,151.0
122.72185564041138,150.0
122.88638424873352,150.0
123.05154037475586,149.0
123.21621513366699,181.0
123.38091516494751,181.0
123.5456154346466,181.0
123.71067976951599,181.0
123.87521171569824,158.0
124.0402398109436,182.0
124.20528101921082,203.0
124.36977291107178,224.0
124.53470826148987,229.0
124.69941234588623,261.0
124.86419606208801,261.0
125.02906084060669,282.0
125.1937325000763,305.0
125.35858058929443,259.0
125.52349400520325,266.0
125.68853831291199,246.0
125.8531002998352,209.0
126.01806163787842,204.0
126.18261098861694,224.0
126.34743118286133,224.0
126.51213097572327,200.0
126.67703914642334,224.0
126.84189462661743,222.0
127.00660943984985,245.0
127.17179846763611,245.0
127.33626556396484,241.0
127.50138235092163,222.0
127.66598415374756,223.0
127.83073163032532,223.0
127.99548411369324,199.0
128.16027688980103,200.0
128.32503581047058,178.0
128.49008536338806,200.0
128.6546483039856,234.0
128.81973242759705,269.0
128.98434233665466,270.0
129.1491825580597,270.0
129.31423258781433,291.0
129.47874879837036,310.0
129.64381337165833,310.0
129.8082413673401,288.0
129.97312331199646,232.0
130.138014793396,244.0
130.30269694328308,243.0
130.46753454208374,243.0
130.63255882263184,222.0
130.7974419593811,198.0
130.96192526817322,198.0
131.12682700157166,198.0
131.29163360595703,219.0
131.45659494400024,192.0
131.62131786346436,171.0
131.7860987186432,174.0
131.95109677314758,174.0
132.11557984352112,151.0
132.28055930137634,151.0
132.44525384902954,151.0
132.61001563072205,129.0
132.77491426467896,108.0
132.93974804878235,108.0
133.10489320755005,105.0
133.26930403709412,105.0
133.4343545436859,105.0
133.5989968776703,108.0
133.7637665271759,108.0
133.92858815193176,112.0
134.0935492515564,112.0
134.25795078277588,135.0
134.42315292358398,134.0
134.5877549648285,137.0
134.75257992744446,137.0
134.9176299571991,134.0
135.0821976661682,134.0
135.2469379901886,130.0
135.41196060180664,131.0
135.57664012908936,107.0
135.74143290519714,107.0
135.9061942100525,107.0
136.07130122184753,107.0
136.23593640327454,109.0
136.40082907676697,109.0
136.56537628173828,111.0
136.7302303314209,112.0
136.89504599571228,137.0
137.05985140800476,137.0
137.22472476959229,158.0
137.3894202709198,160.0
137.55451726913452,159.0
137.7190601825714,183.0
137.88398838043213,183.0
138.04860067367554,181.0
138.21377110481262,157.0
138.37831854820251,157.0
138.5431888103485,134.0
138.70815348625183,132.0
138.87274861335754,132.0
139.03772234916687,131.0
139.20229315757751,153.0
139.36719298362732,177.0
139.53192973136902,209.0
139.69683837890625,241.0
139.86149430274963,261.0
140.0264892578125,261.0
140.19130659103394,289.0
140.35629963874817,296.0
140.5207598209381,271.0
140.6858513355255,248.0
140.850421667099,243.0
141.0152337551117,254.0
141.18005442619324,274.0
141.34484100341797,296.0
141.50968956947327,314.0
141.67450857162476,317.0
141.83938574790955,317.0
142.00413417816162,317.0
142.1690685749054,312.0
142.33350896835327,299.0
142.4986388683319,258.0
142.66312623023987,236.0
142.82812452316284,189.0
142.99298524856567,179.0
143.15795636177063,206.0
143.32248497009277,206.0
143.487366437912,184.0
143.65220046043396,152.0
143.8170289993286,152.0
143.98174786567688,152.0
144.14688682556152,152.0
144.3112452030182,131.0
144.47634625434875,128.0
144.64093351364136,128.0
144.80587244033813,146.0
144.9706199169159,176.0
145.13552594184875,200.0
145.30009269714355,221.0
145.46510982513428,242.0
145.62972021102905,242.0
145.79464864730835,219.0
145.95924854278564,219.0
146.12430095672607,200.0
146.2891080379486,170.0
146.45391201972961,147.0
146.61862468719482,125.0
146.78340339660645,130.0
146.94823455810547,130.0
147.1130087375641,154.0
147.27789664268494,154.0
147.4426941871643,196.0
147.60771226882935,196.0
147.77225589752197,196.0
147.93721389770508,216.0
148.1018579006195,190.0
148.26666450500488,190.0
148.43144369125366,166.0
148.59640860557556,166.0
148.76112055778503,124.0
148.9258849620819,148.0
149.09091234207153,177.0
149.2553608417511,186.0
149.42066025733948,206.0
149.5851068496704,229.0
149.75005793571472,250.0
149.9147539138794,287.0
150.07954692840576,317.0
