0.09507393836975098,123.0
0.25981616973876953,117.0
0.4246492385864258,113.0
0.589289665222168,107.0
0.7539198398590088,71.0
0.9187355041503906,65.0
1.0834178924560547,61.0
1.2482340335845947,95.0
1.4130985736846924,92.0
1.5778937339782715,93.0
1.742727279663086,92.0
1.9074008464813232,92.0
2.0722713470458984,91.0
2.237074851989746,91.0
2.4018712043762207,93.0
2.5665533542633057,55.0
2.731372833251953,54.0
2.896214485168457,55.0
3.0610828399658203,54.0
3.2257165908813477,54.0
3.390554189682007,51.0
3.555386543273926,51.0
3.7201762199401855,49.0
3.8850181102752686,57.0
4.049814701080322,96.0
4.214839220046997,131.0
4.379526376724243,138.0
4.544375658035278,175.0
4.709237098693848,216.0
4.874056339263916,254.0
5.039143800735474,263.0
5.203851222991943,263.0
5.3687238693237305,232.0
5.533405780792236,201.0
5.698582649230957,201.0
5.8629374504089355,200.0
6.0279600620269775,168.0
6.192716360092163,164.0
6.3574135303497314,164.0
6.522303819656372,194.0
6.687042236328125,229.0
6.851975917816162,229.0
7.016538858413696,229.0
7.181717157363892,198.0
7.346236705780029,198.0
7.511041641235352,200.0
7.6758012771606445,200.0
7.8406147956848145,199.0
8.005636930465698,194.0
8.170064926147461,194.0
8.33508038520813,224.0
8.499825716018677,224.0
8.6646249294281,254.0
8.8294997215271,253.0
8.994045734405518,283.0
9.159128904342651,254.0
9.323750495910645,224.0
9.488556146621704,253.0
9.653640985488892,224.0
9.818046808242798,254.0
9.983110189437866,224.0
10.147725820541382,226.0
10.312788248062134,224.0
10.477283239364624,224.0
10.642079830169678,257.0
10.806939125061035,257.0
10.971737623214722,257.0
11.136773586273193,227.0
11.301147699356079,227.0
11.466128826141357,196.0
11.63090467453003,168.0
11.795881271362305,199.0
11.960479736328125,196.0
12.125553607940674,165.0
12.289960384368896,165.0
12.454781532287598,196.0
12.61958122253418,196.0
12.784189224243164,228.0
12.949148416519165,260.0
13.113828182220459,228.0
13.278864860534668,231.0
13.44353461265564,231.0
13.608352661132812,231.0
13.773159503936768,229.0
13.938011646270752,260.0
14.102624654769897,259.0
14.267509460449219,227.0
14.432321786880493,227.0
14.597240924835205,196.0
14.761895656585693,226.0
14.926801443099976,226.0
15.091450929641724,197.0
15.256275653839111,207.0
15.421282529830933,205.0
15.58577275276184,234.0
15.750727653503418,234.0
15.91536283493042,234.0
16.080355644226074,204.0
16.244994640350342,256.0
16.40989089012146,281.0
16.574697017669678,240.0
16.73953652381897,242.0
16.90424633026123,213.0
17.069366693496704,245.0
17.233691692352295,280.0
17.39856219291687,280.0
17.563292503356934,222.0
17.728498458862305,226.0
17.892853498458862,219.0
18.057760000228882,182.0
18.222498655319214,175.0
18.387421369552612,170.0
18.552271366119385,129.0
18.717328310012817,120.0
18.881822109222412,118.0
19.04624915122986,82.0
19.21133542060852,114.0
19.375964164733887,144.0
19.540974617004395,196.0
19.705636501312256,168.0
19.87072229385376,175.0
20.035276174545288,229.0
20.200173377990723,238.0
20.364980459213257,244.0
20.529865741729736,244.0
20.694414854049683,220.0
20.85917854309082,175.0
21.024193286895752,196.0
21.188937187194824,196.0
21.35379695892334,151.0
21.51840043067932,174.0
21.683486938476562,201.0
21.848069667816162,176.0
22.012948513031006,176.0
22.177645921707153,176.0
22.342492818832397,176.0
22.507450103759766,176.0
22.672006130218506,176.0
22.83703637123108,152.0
23.00154733657837,125.0
23.166512727737427,121.0
23.331230878829956,116.0
23.49617624282837,112.0
23.660555124282837,87.0
23.82544994354248,84.0
23.990036487579346,79.0
24.154857635498047,79.0
24.32019543647766,106.0
24.48474955558777,103.0
24.649646282196045,131.0
24.8144588470459,158.0
24.979153156280518,155.0
25.143904209136963,186.0
25.309013843536377,181.0
25.473505973815918,175.0
25.638315200805664,140.0
25.803359270095825,141.0
25.96776294708252,118.0
26.132628440856934,89.0
26.29714059829712,98.0
26.461965084075928,96.0
26.626781225204468,98.0
26.791857957839966,97.0
26.956641912460327,133.0
27.121450662612915,130.0
27.286359310150146,159.0
27.45115375518799,157.0
27.615925788879395,147.0
27.78075337409973,146.0
27.94564437866211,201.0
28.110138177871704,208.0
28.27504849433899,181.0
28.439862728118896,218.0
28.604686737060547,183.0
28.76942467689514,239.0
28.93427300453186,243.0
29.099206686019897,218.0
29.263723373413086,170.0
29.428720235824585,170.0
29.593385219573975,170.0
29.758097410202026,140.0
29.9230055809021,147.0
30.087539434432983,95.0
30.25281023979187,100.0
30.417349815368652,101.0
30.582276582717896,101.0
30.747013330459595,101.0
30.91189432144165,101.0
31.076621532440186,101.0
31.241546392440796,101.0
31.406167030334473,105.0
31.57093381881714,105.0
31.73583221435547,154.0
31.900362968444824,202.0
32.06534290313721,248.0
32.23004221916199,244.0
32.39498043060303,239.0
32.55965781211853,235.0
32.724509477615356,235.0
32.88928580284119,235.0
33.05401110649109,182.0
33.21885275840759,129.0
33.38342547416687,78.0
33.54807448387146,82.0
33.71356725692749,135.0
33.87803912162781,134.0
34.04300332069397,129.0
34.20765686035156,123.0
34.37255501747131,127.0
34.53728747367859,128.0
34.70208144187927,127.0
34.86690807342529,122.0
35.03129243850708,69.0
35.19604539871216,74.0
35.36102652549744,75.0
35.525956869125366,75.0
35.690346240997314,70.0
35.85532879829407,69.0
36.02008318901062,75.0
36.18531370162964,110.0
36.35019278526306,161.0
36.51481080055237,161.0
36.67974281311035,165.0
36.84434127807617,170.0
37.009334087371826,175.0
37.17391395568848,181.0
37.338770627975464,181.0
37.50355839729309,182.0
37.66835379600525,166.0
37.83329939842224,160.0
37.997872829437256,160.0
38.16266703605652,154.0
38.32734751701355,148.0
38.492518186569214,148.0
38.657052993774414,144.0
38.822110652923584,142.0
38.98677062988281,112.0
39.15154790878296,151.0
39.316370725631714,151.0
39.481117725372314,156.0
39.64599370956421,162.0
39.810659646987915,192.0
39.975751638412476,197.0
40.14019584655762,167.0
40.305424213409424,167.0
40.46973538398743,129.0
40.63484835624695,129.0
40.79939031600952,129.0
40.964215993881226,129.0
41.12917923927307,122.0
41.29389834403992,122.0
41.45896100997925,122.0
41.623364210128784,153.0
41.78834652900696,158.0
41.95305013656616,158.0
42.11810898780823,158.0
42.28263473510742,158.0
42.44748139381409,135.0
42.612311124801636,135.0
42.77707362174988,135.0
42.94212484359741,105.0
43.1066255569458,136.0
43.27150368690491,136.0
43.43644714355469,136.0
43.600966930389404,136.0
43.7660026550293,130.0
43.9305853843689,125.0
44.09540939331055,120.0
44.26014518737793,120.0
44.42519807815552,118.0
44.58973979949951,145.0
44.75470161437988,174.0
44.91962027549744,202.0
45.08421468734741,208.0
45.24934697151184,213.0
45.413689613342285,250.0
45.57862114906311,278.0
45.743311166763306,248.0
45.9082555770874,222.0
46.07329821586609,192.0
46.23781776428223,164.0
46.402766704559326,164.0
46.56725788116455,183.0
46.73219275474548,151.0
46.896820306777954,154.0
47.06159687042236,182.0
47.2265522480011,208.0
47.391326904296875,236.0
47.55610632896423,236.0
47.72087836265564,236.0
47.88583755493164,217.0
48.05059266090393,240.0
48.21536874771118,240.0
48.380136013031006,258.0
48.54487752914429,233.0
48.7099347114563,199.0
48.87432861328125,245.0
49.039417028427124,296.0
49.20399188995361,324.0
49.368943214416504,326.0
49.53365921974182,296.0
49.69850516319275,243.0
49.86311864852905,243.0
50.02812194824219,249.0
50.19280529022217,203.0
50.357593297958374,180.0
50.52244782447815,200.0
50.68718433380127,199.0
50.85207772254944,199.0
51.016806840896606,235.0
51.181538105010986,261.0
51.346323013305664,261.0
51.51137924194336,258.0
51.67592811584473,229.0
51.840813875198364,182.0
52.005592346191406,157.0
52.17040514945984,157.0
52.335073471069336,127.0
52.500017404556274,102.0
52.664740800857544,102.0
52.82972049713135,105.0
52.99431538581848,105.0
53.159016370773315,105.0
53.32397723197937,105.0
53.48850417137146,105.0
53.65343976020813,105.0
53.81812000274658,105.0
53.983320474624634,105.0
54.14781403541565,135.0
54.3129403591156,135.0
54.47751450538635,136.0
54.642334938049316,136.0
54.807342290878296,137.0
54.97191047668457,137.0
55.13684320449829,137.0
55.30139708518982,137.0
55.466399908065796,139.0
55.631163358688354,139.0
55.79620575904846,138.0
55.960657596588135,138.0
56.12560749053955,166.0
56.290367126464844,196.0
56.455060720443726,196.0
56.619954347610474,227.0
56.78469920158386,224.0
56.94949007034302,224.0
57.11420130729675,224.0
57.279189109802246,224.0
57.443767070770264,195.0
57.60860824584961,165.0
57.77369832992554,165.0
57.938207387924194,134.0
58.103212118148804,105.0
58.267749071121216,105.0
58.43262696266174,105.0
58.59760308265686,105.0
58.762383222579956,105.0
58.92698287963867,105.0
59.09187173843384,135.0
59.25664782524109,168.0
59.421547412872314,168.0
59.58625388145447,168.0
59.75091528892517,168.0
59.915801763534546,168.0
60.08061408996582,168.0
60.24575614929199,199.0
60.41008543968201,168.0
60.575026750564575,165.0
60.73987436294556,211.0
60.90454936027527,213.0
61.06942701339722,213.0
61.234236001968384,213.0
61.399099826812744,213.0
61.563876152038574,213.0
61.72862672805786,239.0
61.893388748168945,209.0
62.058165311813354,163.0
62.223103046417236,161.0
62.38772177696228,161.0
62.552704095840454,161.0
62.717357873916626,161.0
62.88237977027893,130.0
63.047014236450195,150.0
63.2117760181427,189.0
63.37653708457947,189.0
63.54145359992981,189.0
63.706199407577515,216.0
63.87085556983948,216.0
64.03569722175598,216.0
64.20076084136963,216.0
64.36522626876831,200.0
64.53035974502563,190.0
64.69489002227783,219.0
64.85976958274841,246.0
65.02457857131958,219.0
65.18941736221313,219.0
65.35413813591003,211.0
65.51889371871948,237.0
65.68391537666321,236.0
65.84849095344543,208.0
66.01355028152466,211.0
66.17794919013977,223.0
66.34283471107483,223.0
66.50762271881104,263.0
66.6722161769867,293.0
66.83725690841675,300.0
67.0019588470459,271.0
67.16703605651855,271.0
67.33154678344727,239.0
67.49653935432434,199.0
67.66126751899719,226.0
67.82614326477051,186.0
67.99081492424011,164.0
68.1556224822998,131.0
68.32063269615173,131.0
68.48525643348694,131.0
68.65023136138916,131.0
68.81469416618347,131.0
68.9796531200409,105.0
69.14433407783508,105.0
69.30949592590332,128.0
69.47396993637085,157.0
69.63882851600647,182.0
69.80372786521912,209.0
69.96842527389526,242.0
70.13339757919312,242.0
70.29789519309998,242.0
70.46281027793884,242.0
70.62749457359314,219.0
70.79261589050293,219.0
70.95707201957703,194.0
71.1220543384552,167.0
71.28678750991821,134.0
71.45147705078125,161.0
71.61641573905945,161.0
71.78123641014099,154.0
71.94616389274597,182.0
72.11062455177307,180.0
72.27574276924133,171.0
72.44022059440613,171.0
72.60510754585266,195.0
72.77008080482483,168.0
72.93469977378845,192.0
73.09956765174866,257.0
73.26433300971985,257.0
73.42943453788757,221.0
73.59401154518127,230.0
73.75877022743225,230.0
73.92353796958923,206.0
74.08829355239868,206.0
74.2533323764801,177.0
74.41779041290283,114.0
74.58258843421936,81.0
74.74750185012817,120.0
74.91217422485352,169.0
75.07739520072937,201.0
75.24188804626465,231.0
75.40686464309692,222.0
75.571457862854,219.0
75.73638772964478,218.0
75.90109944343567,218.0
76.06587147712708,187.0
76.23062896728516,133.0
76.39519739151001,95.0
76.560307264328,111.0
76.72530627250671,111.0
76.88980221748352,112.0
77.05464363098145,117.0
77.21955037117004,117.0
77.38430857658386,112.0
77.54928183555603,148.0
77.71376037597656,154.0
77.87864875793457,138.0
78.0434558391571,138.0
78.20850348472595,176.0
78.37297439575195,170.0
78.53790998458862,221.0
78.702641248703,226.0
78.8672468662262,225.0
79.03212881088257,225.0
79.19729948043823,186.0
79.36176800727844,195.0
79.52660846710205,165.0
79.69152235984802,166.0
79.85613703727722,112.0
80.02109408378601,159.0
80.18582201004028,128.0
80.35063004493713,128.0
80.51539206504822,137.0
80.68028497695923,137.0
80.84499835968018,137.0
81.00987243652344,143.0
81.17448234558105,151.0
81.33966755867004,105.0
81.50408816337585,105.0
81.66910791397095,134.0
81.8336615562439,163.0
81.99879431724548,163.0
82.16324496269226,163.0
82.32813739776611,163.0
82.49282670021057,193.0
82.65762972831726,193.0
82.82273364067078,193.0
82.98729538917542,163.0
83.15212821960449,135.0
83.31697869300842,135.0
83.48176670074463,135.0
83.64649701118469,135.0
83.81111788749695,97.0
83.97612380981445,97.0
84.14060926437378,97.0
84.30545115470886,97.0
84.47020816802979,97.0
84.63517951965332,131.0
84.8001914024353,158.0
84.96495318412781,186.0
85.1298840045929,193.0
85.29448008537292,221.0
85.45934438705444,250.0
85.62416911125183,250.0
85.78902220726013,279.0
85.95388793945312,273.0
86.11847496032715,247.0
86.28324294090271,246.0
86.44833040237427,246.0
86.61283326148987,248.0
86.77776622772217,247.0
86.94251465797424,275.0
87.10750722885132,274.0
87.27209711074829,246.0
87.43711733818054,246.0
87.60162234306335,219.0
87.76653051376343,246.0
87.9313554763794,240.0
88.09618473052979,212.0
88.26097083091736,184.0
88.4257001876831,204.0
88.59069561958313,235.0
88.75523042678833,262.0
88.92017269134521,262.0
89.08487796783447,260.0
89.24966335296631,230.0
89.41440153121948,277.0
89.57952380180359,270.0
89.74384045600891,222.0
89.90910506248474,219.0
90.07376432418823,223.0
90.23857402801514,223.0
90.40319538116455,246.0
90.56803464889526,299.0
90.7328794002533,279.0
90.89764261245728,285.0
91.06257104873657,309.0
91.22716426849365,273.0
91.39226770401001,269.0
91.5568494796753,269.0
91.72163152694702,221.0
91.88631844520569,201.0
92.0510561466217,169.0
92.21623945236206,164.0
92.38079047203064,171.0
92.54570364952087,210.0
92.7103271484375,183.0
92.87509202957153,213.0
93.03989815711975,243.0
93.20497989654541,242.0
93.36952209472656,247.0
93.53452014923096,281.0
93.69909954071045,280.0
93.86410307884216,287.0
94.02864623069763,315.0
94.1935441493988,285.0
94.35844707489014,282.0
94.52321338653564,256.0
94.68795847892761,256.0
94.85273098945618,259.0
95.01784038543701,255.0
95.18222951889038,217.0
95.34705138206482,189.0
95.51196265220642,221.0
95.67670774459839,223.0
95.8414888381958,251.0
96.00635862350464,251.0
96.17148494720459,248.0
96.33589386940002,246.0
96.50079393386841,276.0
96.66553211212158,305.0
96.8305275440216,304.0
96.99503970146179,299.0
97.15998411178589,270.0
97.32468152046204,270.0
97.48977470397949,242.0
97.6543345451355,218.0
97.81912541389465,189.0
97.98408532142639,160.0
98.14863133430481,130.0
98.31363606452942,131.0
98.47826671600342,131.0
98.64321184158325,131.0
98.80788350105286,160.0
98.97266721725464,160.0
99.1375937461853,186.0
99.3022027015686,212.0
99.46703696250916,212.0
99.6317491531372,186.0
99.7968053817749,186.0
99.96145129203796,215.0
100.12651491165161,186.0
100.29108834266663,215.0
100.45591878890991,217.0
100.62084746360779,190.0
100.78554630279541,216.0
100.95044040679932,243.0
101.11514711380005,266.0
101.27992129325867,263.0
101.44461011886597,263.0
101.60971355438232,260.0
101.77423310279846,233.0
101.93914771080017,259.0
102.10423803329468,229.0
102.2685444355011,198.0
102.43349742889404,175.0
102.59817099571228,149.0
102.76329565048218,149.0
102.92778658866882,122.0
103.09279131889343,122.0
103.25716829299927,96.0
103.4221453666687,94.0
103.58684468269348,94.0
103.75172591209412,94.0
103.91665506362915,122.0
104.08170747756958,152.0
104.24626064300537,152.0
104.41115546226501,152.0
104.57587242126465,152.0
104.74070048332214,159.0
104.90574789047241,163.0
105.0702908039093,163.0
105.23519778251648,135.0
105.3998396396637,105.0
105.56462907791138,130.0
105.72959876060486,130.0
105.89426040649414,130.0
106.05909371376038,130.0
106.22389554977417,130.0
106.3887083530426,130.0
106.55355644226074,130.0
106.71847033500671,159.0
106.88308525085449,133.0
107.04792165756226,133.0
107.21271896362305,133.0
107.37745976448059,161.0
107.54229760169983,161.0
107.70703339576721,208.0
107.87200284004211,208.0
108.03659296035767,180.0
108.20167875289917,180.0
108.36616897583008,205.0
108.53116106987,229.0
108.6957139968872,229.0
108.86053586006165,252.0
109.02545714378357,227.0
109.19020438194275,303.0
109.35487103462219,330.0
109.51980805397034,330.0
109.68483567237854,330.0
109.84949946403503,332.0
110.01424407958984,333.0
110.17901635169983,336.0
110.34384536743164,339.0
110.50853872299194,290.0
110.67336750030518,290.0
110.83816194534302,317.0
111.00294470787048,320.0
111.16801023483276,324.0
111.33255195617676,296.0
111.49767637252808,270.0
111.66205716133118,244.0
111.8268666267395,247.0
111.99195957183838,250.0
112.15658044815063,253.0
112.32165932655334,223.0
112.48622488975525,193.0
112.6509690284729,193.0
112.81579685211182,220.0
112.98047208786011,250.0
113.145672082901,220.0
113.31007981300354,191.0
113.47501921653748,162.0
113.63974022865295,190.0
113.80465507507324,218.0
113.969393491745,244.0
114.13406443595886,218.0
114.29899644851685,214.0
114.46365904808044,214.0
114.62837266921997,238.0
114.7934558391571,238.0
114.95816659927368,239.0
115.12311959266663,238.0
115.28765535354614,212.0
115.45257234573364,239.0
115.61721777915955,241.0
115.7820954322815,267.0
115.94691205024719,267.0
116.11199879646301,295.0
116.27640199661255,266.0
116.44134855270386,232.0
116.60614085197449,258.0
116.77098298072815,231.0
116.93580722808838,228.0
117.10057926177979,227.0
117.26560688018799,230.0
117.43009495735168,227.0
117.59494400024414,253.0
117.75979471206665,285.0
117.92438650131226,291.0
118.08965635299683,316.0
118.25406312942505,312.0
118.41905641555786,308.0
118.58385252952576,308.0
118.74849128723145,306.0
118.9133927822113,307.0
119.07812094688416,305.0
119.24312424659729,298.0
119.40765690803528,299.0
119.57260394096375,302.0
119.73733329772949,307.0
119.90202379226685,307.0
120.06686019897461,313.0
120.23174381256104,314.0
120.39654779434204,322.0
120.56144714355469,326.0
120.72620463371277,329.0
120.89117670059204,333.0
121.05568981170654,306.0
121.2205057144165,279.0
121.38543844223022,250.0
121.55013012886047,223.0
121.71504497528076,191.0
121.87967443466187,192.0
122.04461121559143,188.0
122.20933723449707,187.0
122.3743543624878,211.0
122.53877425193787,211.0
122.70368003845215,211.0
122.86855912208557,242.0
123.0333092212677,265.0
123.19816899299622,260.0
123.36285829544067,265.0
123.52774238586426,236.0
123.69241738319397,240.0
123.85737156867981,265.0
124.02202296257019,317.0
124.1871325969696,286.0
124.35167956352234,263.0
124.51659822463989,238.0
124.68134641647339,239.0
124.84580731391907,288.0
125.01085615158081,288.0
125.17537784576416,282.0
125.34034323692322,282.0
125.50492978096008,282.0
125.67011618614197,282.0
125.8350043296814,285.0
125.99960565567017,260.0
126.16464710235596,285.0
126.32918167114258,311.0
126.49413418769836,311.0
126.65887665748596,310.0
126.82381415367126,261.0
126.98851895332336,239.0
127.15361642837524,211.0
127.31805849075317,212.0
127.48304486274719,186.0
127.64761686325073,160.0
127.8125331401825,185.0
127.97732329368591,181.0
128.14201974868774,212.0
128.3068811893463,243.0
128.47189378738403,269.0
128.63638377189636,241.0
128.80150437355042,270.0
128.96602177619934,297.0
129.13097071647644,301.0
129.29560160636902,306.0
129.46063709259033,275.0
129.62514925003052,275.0
129.78996419906616,249.0
129.95479345321655,249.0
130.11987948417664,251.0
130.28432083129883,224.0
130.44928336143494,195.0
130.61400318145752,194.0
130.7791247367859,220.0
130.94374227523804,218.0
131.10856986045837,243.0
131.27321410179138,243.0
131.43811655044556,242.0
131.60286378860474,270.0
131.76770615577698,270.0
131.93256902694702,242.0
132.09715342521667,216.0
132.26219606399536,213.0
132.42677187919617,188.0
132.59166717529297,213.0
132.75649738311768,184.0
132.92119884490967,155.0
133.0860025882721,184.0
133.25082778930664,211.0
133.41575026512146,238.0
133.58046698570251,242.0
133.74551844596863,268.0
133.90999579429626,270.0
134.07491636276245,296.0
134.2401487827301,322.0
134.40450501441956,321.0
134.5696074962616,320.0
134.73382377624512,293.0
134.89901494979858,263.0
135.06369280815125,286.0
135.22871661186218,287.0
135.39305877685547,261.0
135.5580198764801,235.0
135.72290802001953,208.0
135.88752126693726,181.0
136.05254530906677,181.0
136.2172019481659,181.0
136.38196444511414,160.0
136.5466365814209,181.0
136.71159982681274,181.0
136.87661695480347,211.0
137.04126286506653,211.0
137.20627307891846,239.0
137.37088251113892,239.0
137.53564262390137,239.0
137.70037293434143,262.0
137.86523127555847,213.0
138.03023958206177,238.0
138.19475269317627,232.0
138.3597104549408,259.0
138.52432107925415,258.0
138.68928241729736,284.0
138.8538954257965,309.0
139.01888036727905,285.0
139.18373155593872,309.0
139.34833526611328,309.0
139.5134346485138,313.0
139.6779429912567,312.0
139.84294819831848,310.0
140.00754761695862,310.0
140.17235445976257,311.0
140.33735013008118,312.0
140.50188899040222,314.0
140.66684651374817,316.0
140.83143496513367,314.0
140.99665713310242,315.0
141.1610779762268,317.0
141.3260736465454,319.0
141.4905662536621,321.0
141.6555643081665,322.0
141.82020592689514,323.0
141.9850993156433,323.0
142.1500163078308,324.0
142.31476187705994,324.0
142.47951412200928,324.0
142.64440655708313,322.0
142.8095257282257,322.0
142.97391271591187,322.0
143.13885307312012,322.0
143.30353021621704,322.0
143.46839427947998,322.0
143.63321590423584,323.0
143.79821133613586,323.0
143.96283531188965,325.0
144.12773966789246,325.0
144.29249906539917,324.0
144.45717406272888,320.0
144.6220142841339,320.0
144.78682899475098,320.0
144.9516806602478,320.0
145.11645126342773,320.0
145.28123307228088,318.0
145.44596529006958,317.0
145.6107964515686,290.0
145.77567887306213,266.0
145.9403326511383,264.0
146.10539650917053,262.0
146.26992535591125,263.0
146.4350028038025,260.0
146.59961581230164,263.0
146.76447010040283,263.0
146.9294309616089,287.0
147.09400868415833,318.0
147.25937962532043,321.0
147.42356324195862,327.0
147.58836317062378,328.0
147.7534739971161,332.0
147.91796970367432,303.0
148.08293867111206,323.0
148.24774408340454,346.0
148.4124505519867,316.0
148.5772852897644,314.0
148.7419981956482,283.0
148.90676403045654,281.0
149.07169795036316,281.0
149.23647570610046,281.0
149.40113306045532,259.0
149.56621527671814,241.0
149.7307915687561,268.0
149.8956515789032,268.0
150.06041145324707,297.0
