0.05725455284118652,106.0
0.22178864479064941,107.0
0.3865947723388672,109.0
0.5514442920684814,111.0
0.7163081169128418,125.0
0.8811550140380859,153.0
1.0458683967590332,153.0
1.210756540298462,154.0
1.3754692077636719,167.0
1.540891408920288,186.0
1.7053642272949219,185.0
1.8702003955841064,200.0
2.0352721214294434,207.0
2.2001121044158936,180.0
2.364763021469116,206.0
2.5294296741485596,205.0
2.6942520141601562,212.0
2.8591859340667725,216.0
3.023967742919922,216.0
3.188812255859375,220.0
3.353506565093994,220.0
3.5185835361480713,231.0
3.683130979537964,225.0
3.8480358123779297,255.0
4.012811899185181,237.0
4.177742958068848,214.0
4.342410564422607,215.0
4.507176160812378,195.0
4.672045469284058,174.0
4.836870908737183,179.0
5.001736640930176,159.0
5.16658353805542,129.0
5.3311707973480225,126.0
5.496197462081909,131.0
5.660724401473999,151.0
5.825875520706177,153.0
5.990408420562744,168.0
6.155263185501099,166.0
6.320030927658081,183.0
6.484895706176758,183.0
6.649611234664917,206.0
6.814604997634888,201.0
6.979252338409424,178.0
7.144040107727051,176.0
7.308984994888306,184.0
7.473862171173096,182.0
7.638514280319214,184.0
7.803538799285889,184.0
7.9680256843566895,175.0
8.133002996444702,191.0
8.297732830047607,223.0
8.462779760360718,247.0
8.627353429794312,246.0
8.792187213897705,253.0
8.956883192062378,243.0
9.121922016143799,243.0
9.286501169204712,249.0
9.451242923736572,251.0
9.61614203453064,258.0
9.780977249145508,257.0
9.945746421813965,259.0
10.110459327697754,260.0
10.275433778762817,254.0
10.440183877944946,254.0
10.60511064529419,234.0
10.769691705703735,218.0
10.934521675109863,179.0
11.09940242767334,178.0
11.264159679412842,176.0
11.429061651229858,154.0
11.593777418136597,151.0
11.758922576904297,152.0
11.923394680023193,173.0
12.08836555480957,172.0
12.253012657165527,197.0
12.417840719223022,214.0
12.582886219024658,191.0
12.747462272644043,191.0
12.912451982498169,193.0
13.076962947845459,193.0
13.241906642913818,180.0
13.406678199768066,182.0
13.571568250656128,160.0
13.736335277557373,124.0
13.901273012161255,138.0
14.065793514251709,146.0
14.230819463729858,148.0
14.395516633987427,152.0
14.560292720794678,165.0
14.72526502609253,171.0
14.889933586120605,188.0
15.054931640625,207.0
15.219374418258667,215.0
15.384431838989258,230.0
15.549259424209595,227.0
15.714217185974121,242.0
15.878814220428467,220.0
16.043572664260864,213.0
16.208447217941284,193.0
16.373103618621826,197.0
16.53830647468567,188.0
16.70288372039795,178.0
16.867753744125366,195.0
17.032423734664917,200.0
17.197484731674194,220.0
17.361937522888184,219.0
17.526911735534668,234.0
17.691590785980225,208.0
17.85664176940918,195.0
18.02131676673889,181.0
18.186137676239014,178.0
18.351266384124756,155.0
18.51572036743164,135.0
18.68062472343445,135.0
18.84532403945923,132.0
19.010252237319946,126.0
19.17504119873047,147.0
19.339721202850342,147.0
19.504639387130737,131.0
19.669349193572998,131.0
19.834263801574707,131.0
19.999024152755737,131.0
20.164042949676514,131.0
20.328616857528687,148.0
20.49343776702881,146.0
20.658117055892944,146.0
20.823146104812622,169.0
20.987714529037476,183.0
21.15267038345337,183.0
21.317342042922974,207.0
21.482326984405518,218.0
21.64702343940735,208.0
21.811925649642944,201.0
21.97670006752014,201.0
22.14157795906067,209.0
22.3063383102417,195.0
22.471035957336426,217.0
22.63595676422119,212.0
22.800686359405518,189.0
22.965808629989624,213.0
23.13047170639038,200.0
23.295127391815186,211.0
23.460240602493286,183.0
23.62465810775757,194.0
23.78963279724121,198.0
23.95435643196106,184.0
24.11931014060974,196.0
24.283902168273926,173.0
24.448704481124878,172.0
24.61374282836914,191.0
24.778364419937134,206.0
24.943467140197754,208.0
25.10793924331665,181.0
25.272960901260376,180.0
25.43754816055298,167.0
25.60255217552185,188.0
25.767201900482178,207.0
25.932095766067505,193.0
26.096834182739258,197.0
26.26189661026001,205.0
26.42644190788269,217.0
26.591357946395874,243.0
26.756124019622803,262.0
26.921099185943604,256.0
27.08577036857605,252.0
27.250426530838013,241.0
27.41536545753479,238.0
27.580076217651367,240.0
27.745057106018066,248.0
27.909730195999146,219.0
28.074785947799683,200.0
28.239293813705444,185.0
28.40422511100769,195.0
28.568987131118774,214.0
28.733752489089966,195.0
28.898956298828125,172.0
29.063247203826904,153.0
29.228243350982666,172.0
29.392932176589966,172.0
29.55784511566162,197.0
29.722580909729004,191.0
29.887694358825684,169.0
30.05223059654236,171.0
30.216984748840332,194.0
30.3817138671875,218.0
30.546804666519165,216.0
30.711426496505737,240.0
30.876438856124878,238.0
31.040998458862305,258.0
31.20598292350769,283.0
31.370521545410156,304.0
31.535385608673096,317.0
31.700536489486694,293.0
31.865009546279907,297.0
32.03005933761597,273.0
32.194618701934814,250.0
32.35954761505127,209.0
32.52440643310547,185.0
32.68918037414551,164.0
32.85393404960632,127.0
33.01872539520264,150.0
33.183823585510254,129.0
33.34840798377991,129.0
33.513527393341064,158.0
33.67788815498352,158.0
33.84276223182678,157.0
34.007792472839355,156.0
34.17237591743469,156.0
34.337257623672485,137.0
34.50209164619446,138.0
34.66704535484314,160.0
34.83167910575867,131.0
34.996652126312256,131.0
35.16120171546936,171.0
35.326109647750854,172.0
35.49102520942688,172.0
35.65569448471069,169.0
35.8206787109375,167.0
35.985307455062866,145.0
36.150139808654785,145.0
36.3151159286499,177.0
36.479610443115234,159.0
36.64441752433777,184.0
36.809271812438965,205.0
36.97408390045166,205.0
37.139075756073,228.0
37.30369687080383,259.0
37.46865487098694,288.0
37.63346815109253,287.0
37.79817223548889,290.0
37.96297740936279,264.0
38.12769031524658,267.0
38.2928102016449,291.0
38.45730638504028,288.0
38.62212777137756,286.0
38.787047147750854,280.0
38.95171570777893,274.0
39.11683416366577,271.0
39.28148674964905,296.0
39.44629693031311,296.0
39.61125874519348,296.0
39.77591681480408,306.0
39.940800189971924,302.0
40.10553765296936,305.0
40.270509004592896,303.0
40.43506932258606,304.0
40.600077629089355,301.0
40.76459836959839,294.0
40.92941737174988,292.0
41.0943021774292,304.0
41.25921845436096,305.0
41.42405462265015,302.0
41.58862113952637,305.0
41.75368595123291,308.0
41.91827344894409,313.0
42.083416223526,304.0
42.24795722961426,337.0
42.412882566452026,304.0
42.57749962806702,335.0
42.74236488342285,331.0
42.90731477737427,328.0
43.07193636894226,330.0
43.2369339466095,327.0
43.40165185928345,342.0
43.566540479660034,311.0
43.731236696243286,302.0
43.89620900154114,246.0
44.06084990501404,250.0
44.225610971450806,242.0
44.390498638153076,232.0
44.55531907081604,249.0
44.72013473510742,249.0
44.884979486465454,244.0
45.04978585243225,250.0
45.214529037475586,250.0
45.37923526763916,247.0
45.54434823989868,234.0
45.70896768569946,216.0
45.87393927574158,196.0
46.03853797912598,173.0
46.20348525047302,155.0
46.3680145740509,151.0
46.53287720680237,187.0
46.69795775413513,167.0
46.86261296272278,216.0
47.02763295173645,237.0
47.19206380844116,239.0
47.35692763328552,241.0
47.52187514305115,240.0
47.686482429504395,262.0
47.85168504714966,253.0
48.01608061790466,271.0
48.18111252784729,223.0
48.345805406570435,202.0
48.51059675216675,200.0
48.675374031066895,249.0
48.840224266052246,249.0
49.00529956817627,225.0
49.169734477996826,218.0
49.3347384929657,198.0
49.49974012374878,253.0
49.66405510902405,253.0
49.82905054092407,255.0
49.993793964385986,228.0
50.158835649490356,228.0
50.32347369194031,228.0
50.48825144767761,229.0
50.65311121940613,238.0
50.8180148601532,182.0
50.98265624046326,182.0
51.147826194763184,160.0
51.31241464614868,161.0
51.477394342422485,186.0
51.641990423202515,186.0
51.807045221328735,174.0
51.97158432006836,188.0
52.13636755943298,208.0
52.30118131637573,208.0
52.46597909927368,209.0
52.63083338737488,207.0
52.795814990997314,182.0
52.96035361289978,205.0
53.12536096572876,195.0
53.29013156890869,172.0
53.45495915412903,152.0
53.61967945098877,153.0
53.78442406654358,151.0
53.949256896972656,128.0
54.113972902297974,154.0
54.27893877029419,149.0
54.443642377853394,171.0
54.60878324508667,174.0
54.773131132125854,174.0
54.93812131881714,173.0
55.1031277179718,173.0
55.26788949966431,173.0
55.43243932723999,167.0
55.597259283065796,166.0
55.76208305358887,157.0
55.92720174789429,183.0
56.09176301956177,225.0
56.25669527053833,225.0
56.421300172805786,245.0
56.58642888069153,269.0
56.750898122787476,269.0
56.91615033149719,272.0
57.08046793937683,283.0
57.24536728858948,275.0
57.410274505615234,255.0
57.57501983642578,274.0
57.73995661735535,273.0
57.904486656188965,272.0
58.06936454772949,270.0
58.234251976013184,270.0
58.398991107940674,257.0
58.563868045806885,251.0
58.7285315990448,248.0
58.89357328414917,250.0
59.05821132659912,256.0
59.22322988510132,248.0
59.38792586326599,244.0
59.55288577079773,232.0
59.717411279678345,245.0
59.88248014450073,231.0
60.047147274017334,213.0
60.21209669113159,213.0
60.376747131347656,227.0
60.541588306427,234.0
60.70638990402222,239.0
60.87118220329285,242.0
61.036009073257446,242.0
61.200732469558716,262.0
61.36561679840088,287.0
61.530410051345825,286.0
61.69517278671265,275.0
61.86028242111206,262.0
62.02476477622986,264.0
62.18987584114075,297.0
62.35444736480713,293.0
62.519408226013184,302.0
62.683907985687256,304.0
62.848857402801514,305.0
63.013901233673096,304.0
63.178303956985474,294.0
63.34326171875,273.0
63.50802779197693,228.0
63.67295503616333,208.0
63.83762073516846,179.0
64.00274658203125,175.0
64.16729974746704,152.0
64.33223390579224,149.0
64.49684309959412,169.0
64.66182112693787,191.0
64.82652139663696,214.0
64.9915235042572,236.0
65.15614819526672,236.0
65.32113647460938,213.0
65.48580551147461,266.0
65.65075016021729,271.0
65.81535458564758,274.0
65.98021292686462,252.0
66.1449682712555,251.0
66.3098132610321,230.0
66.47450470924377,276.0
66.6392970085144,325.0
66.80439615249634,295.0
66.96890568733215,312.0
67.13385462760925,316.0
67.29892587661743,337.0
67.4634063243866,347.0
67.62834906578064,347.0
67.79306626319885,301.0
67.9579849243164,274.0
68.12267518043518,251.0
68.28745889663696,228.0
68.45230174064636,240.0
68.6170289516449,242.0
68.78193545341492,232.0
68.94660758972168,282.0
69.11170315742493,282.0
69.27620792388916,260.0
69.44124245643616,290.0
69.60586261749268,289.0
69.77111005783081,279.0
69.93550205230713,276.0
70.10058450698853,294.0
70.2651994228363,245.0
70.42992043495178,244.0
70.59514713287354,271.0
70.75954627990723,242.0
70.92454266548157,244.0
71.08923029899597,217.0
71.25435853004456,217.0
71.41885781288147,217.0
71.58372092247009,219.0
71.74847555160522,259.0
71.91317009925842,251.0
72.07817602157593,279.0
72.2428994178772,277.0
72.40767693519592,277.0
72.57234811782837,317.0
72.7375214099884,277.0
72.90202021598816,274.0
73.06712627410889,234.0
73.23167586326599,214.0
73.39664769172668,187.0
73.56125378608704,166.0
73.72615814208984,166.0
73.8909604549408,128.0
74.05569076538086,149.0
74.22066593170166,169.0
74.38530492782593,169.0
74.55026626586914,191.0
74.71494197845459,217.0
74.87991952896118,218.0
75.0444724559784,262.0
75.20961904525757,241.0
75.37407755851746,220.0
75.53902268409729,227.0
75.70382022857666,236.0
75.86861944198608,251.0
76.03365445137024,224.0
76.19828748703003,225.0
76.36316704750061,221.0
76.52783727645874,267.0
76.69281315803528,300.0
76.85753059387207,321.0
77.02235317230225,353.0
77.1871600151062,353.0
77.35200095176697,353.0
77.51671075820923,374.0
77.68161201477051,334.0
77.84631943702698,288.0
78.01142644882202,256.0
78.17591547966003,208.0
78.3408043384552,188.0
78.50577211380005,175.0
78.67045855522156,197.0
78.83523797988892,200.0
78.99988722801208,222.0
79.16476845741272,254.0
79.3296263217926,268.0
79.49434852600098,313.0
79.65919661521912,322.0
79.82392168045044,321.0
79.98877835273743,320.0
80.15361595153809,318.0
80.31848406791687,297.0
80.48321962356567,291.0
80.64810299873352,297.0
80.81291437149048,255.0
80.97764492034912,226.0
81.14245963096619,231.0
81.30723285675049,235.0
81.47215366363525,214.0
81.63693165779114,217.0
81.80176901817322,219.0
81.96648573875427,200.0
82.13133478164673,211.0
82.29620671272278,220.0
82.46088433265686,212.0
82.62587714195251,208.0
82.79052090644836,227.0
82.95534181594849,247.0
83.12017869949341,252.0
83.28517079353333,270.0
83.44974517822266,279.0
83.61493229866028,293.0
83.77931261062622,297.0
83.94427251815796,312.0
84.10896134376526,313.0
84.27376866340637,321.0
84.43862175941467,310.0
84.6036126613617,310.0
84.76824164390564,310.0
84.93298029899597,309.0
85.09813785552979,315.0
85.26256155967712,305.0
85.42750144004822,304.0
85.59236526489258,314.0
85.75718426704407,322.0
85.92190146446228,326.0
86.08675146102905,304.0
86.25149369239807,281.0
86.4163248538971,251.0
86.58111095428467,223.0
86.74594354629517,222.0
86.91108679771423,200.0
87.07557129859924,170.0
87.2403872013092,144.0
87.40504384040833,144.0
87.5700330734253,165.0
87.73473834991455,166.0
87.89986729621887,166.0
88.06431007385254,147.0
88.22929906845093,130.0
88.39407277107239,159.0
88.55877017974854,178.0
88.72391676902771,178.0
88.8883728981018,160.0
89.05314707756042,161.0
89.2180724143982,183.0
89.38276743888855,181.0
89.5477044582367,198.0
89.71250748634338,170.0
89.87739443778992,153.0
90.04211854934692,154.0
90.20716786384583,152.0
90.37169694900513,152.0
90.53641319274902,152.0
90.701406955719,173.0
90.86615777015686,175.0
91.03107833862305,196.0
91.19575810432434,194.0
91.36067390441895,195.0
91.52531361579895,205.0
91.69033932685852,205.0
91.85493469238281,185.0
92.01991391181946,164.0
92.18447208404541,143.0
92.349360704422,121.0
92.51452088356018,141.0
92.67899417877197,142.0
92.84401774406433,133.0
93.00851678848267,152.0
93.1735360622406,171.0
93.33822917938232,190.0
93.5029616355896,223.0
93.66806817054749,224.0
93.83265781402588,207.0
93.99761867523193,209.0
94.16218686103821,207.0
94.32729077339172,201.0
94.49167847633362,182.0
94.65667033195496,162.0
94.82141947746277,151.0
94.98624968528748,170.0
95.15133929252625,189.0
95.31588363647461,185.0
95.48085141181946,207.0
95.64552593231201,193.0
95.81038355827332,214.0
95.97514700889587,235.0
96.13997387886047,218.0
96.304771900177,219.0
96.46938920021057,198.0
96.6343629360199,197.0
96.79916596412659,176.0
96.96416401863098,175.0
97.12868881225586,171.0
97.29348349571228,150.0
97.45846056938171,166.0
97.62304615974426,166.0
97.78819251060486,166.0
97.95279049873352,184.0
98.1175947189331,205.0
98.28240656852722,205.0
98.44718194007874,187.0
98.61228108406067,187.0
98.77671957015991,166.0
98.94177603721619,166.0
99.10635495185852,166.0
99.27126955986023,169.0
99.43627381324768,149.0
99.6009087562561,184.0
99.76588678359985,184.0
99.930495262146,184.0
100.09530830383301,184.0
100.26009678840637,163.0
100.42507410049438,163.0
100.58968782424927,152.0
100.754718542099,152.0
100.91926908493042,119.0
101.08424854278564,148.0
101.24892926216125,150.0
101.41394901275635,150.0
101.578458070755,150.0
101.74346041679382,174.0
101.90818071365356,163.0
102.0731635093689,163.0
102.23784279823303,161.0
102.40260624885559,132.0
102.56745743751526,152.0
102.73210573196411,151.0
102.89727520942688,151.0
103.06173610687256,126.0
103.2267632484436,126.0
103.39137578010559,127.0
103.55651760101318,127.0
103.72113490104675,149.0
103.88584280014038,147.0
104.05082106590271,166.0
104.21542620658875,166.0
104.38061356544495,167.0
104.54504680633545,167.0
104.71020531654358,187.0
104.87481546401978,188.0
105.03947710990906,187.0
105.20432043075562,171.0
105.36893796920776,152.0
105.53418946266174,154.0
105.69859862327576,174.0
105.8637228012085,174.0
106.02825379371643,154.0
106.1932783126831,153.0
106.35794830322266,132.0
106.52292513847351,137.0
106.68750071525574,137.0
106.85262370109558,135.0
107.01724219322205,115.0
107.1822624206543,135.0
107.34672904014587,164.0
107.51183867454529,164.0
107.6764624118805,164.0
107.84120416641235,157.0
108.00616025924683,157.0
108.17082118988037,181.0
108.33591794967651,179.0
108.50037479400635,179.0
108.66560554504395,151.0
108.8301682472229,151.0
108.99532127380371,151.0
109.1596052646637,161.0
109.32451295852661,161.0
109.4893946647644,146.0
109.65409326553345,146.0
109.81921315193176,125.0
109.9838354587555,125.0
110.14881348609924,125.0
110.31333756446838,125.0
110.47819542884827,115.0
110.6430184841156,115.0
110.80805516242981,106.0
110.97252750396729,106.0
111.1374785900116,106.0
111.30219078063965,106.0
111.46732068061829,106.0
111.63185596466064,109.0
111.796870470047,107.0
111.96131730079651,131.0
112.12637639045715,131.0
112.29099559783936,131.0
112.45586347579956,156.0
112.62088465690613,156.0
112.78544998168945,156.0
112.95048427581787,153.0
113.11517214775085,154.0
113.27984309196472,130.0
113.44462585449219,130.0
113.60973811149597,130.0
113.77436709403992,127.0
113.939208984375,127.0
114.10412192344666,127.0
114.26874089241028,127.0
114.43383359909058,126.0
114.59837102890015,126.0
114.76325702667236,126.0
114.92790484428406,126.0
115.09297132492065,105.0
115.25750136375427,105.0
115.4223325252533,107.0
115.5873670578003,135.0
115.75206208229065,135.0
115.91700077056885,136.0
116.08153700828552,136.0
116.24650478363037,136.0
116.41126108169556,155.0
116.57610177993774,155.0
116.74109292030334,157.0
116.90574359893799,130.0
117.07058668136597,152.0
117.23528623580933,151.0
117.40032315254211,152.0
117.56499600410461,172.0
117.72969698905945,171.0
117.89456486701965,193.0
118.05935406684875,210.0
118.22413539886475,229.0
118.3890233039856,229.0
118.55396628379822,229.0
118.71859574317932,228.0
118.88339734077454,207.0
119.04825925827026,188.0
119.21317839622498,167.0
119.37783932685852,147.0
119.54260993003845,126.0
119.70734858512878,105.0
119.87216210365295,105.0
120.03716039657593,105.0
120.20164394378662,105.0
120.3667643070221,105.0
120.5314712524414,105.0
120.69627213478088,105.0
120.86102962493896,105.0
121.02604007720947,105.0
121.19057059288025,105.0
121.35545301437378,105.0
121.52029728889465,105.0
121.68514919281006,105.0
121.8498363494873,105.0
122.01460886001587,105.0
122.17960619926453,105.0
122.3442530632019,106.0
122.5093150138855,119.0
122.67388463020325,118.0
122.83898973464966,138.0
123.00350451469421,146.0
123.16839361190796,156.0
123.3331229686737,202.0
123.49820494651794,204.0
123.66283631324768,204.0
123.82756876945496,191.0
123.99240851402283,200.0
124.15736436843872,179.0
124.32197713851929,171.0
124.48702597618103,161.0
124.65154337882996,115.0
124.8163652420044,117.0
124.98115563392639,117.0
125.14601635932922,118.0
125.31114840507507,131.0
125.47558569908142,131.0
125.64048957824707,131.0
125.80522918701172,131.0
125.97012639045715,131.0
126.13496541976929,127.0
126.29986500740051,127.0
126.46445155143738,127.0
126.62936782836914,106.0
126.79401659965515,106.0
126.95894527435303,106.0
127.12378978729248,106.0
127.28869318962097,127.0
127.45335721969604,127.0
127.61817264556885,129.0
127.78302836418152,129.0
127.94788122177124,128.0
128.11253118515015,132.0
128.2772731781006,153.0
128.44240593910217,153.0
128.6071150302887,155.0
128.77180242538452,155.0
128.93672347068787,153.0
129.1015911102295,153.0
129.26614809036255,153.0
129.43117475509644,148.0
129.59581518173218,129.0
129.7609040737152,129.0
129.92542052268982,107.0
130.09050607681274,107.0
130.25508546829224,107.0
130.41995310783386,107.0
130.58463191986084,152.0
130.74952507019043,152.0
130.9142870903015,152.0
131.07905220985413,155.0
131.24397611618042,155.0
131.40861797332764,155.0
131.57378697395325,155.0
131.73831963539124,157.0
131.90334963798523,112.0
132.067946434021,113.0
132.23291563987732,110.0
132.39756417274475,107.0
132.56254768371582,107.0
132.72718977928162,107.0
132.8921492099762,107.0
133.05676341056824,105.0
133.2216339111328,105.0
133.386390209198,105.0
133.5513050556183,128.0
133.7159767150879,128.0
133.88085627555847,128.0
134.04569172859192,128.0
134.21056389808655,136.0
134.3754584789276,136.0
134.54001474380493,137.0
134.70514059066772,137.0
134.8696095943451,114.0
135.03447651863098,114.0
135.1993546485901,114.0
135.36404085159302,145.0
135.52893114089966,183.0
135.69380831718445,206.0
135.85875701904297,205.0
136.02329087257385,228.0
136.18840146064758,228.0
136.35283851623535,228.0
136.51777720451355,228.0
136.68271684646606,198.0
136.84717178344727,150.0
137.01237773895264,128.0
137.1769881248474,128.0
137.34178161621094,124.0
137.50692796707153,124.0
137.67134070396423,146.0
137.83648538589478,146.0
138.00111651420593,150.0
138.16582918167114,156.0
138.33077025413513,157.0
138.495623588562,158.0
138.66024518013,140.0
138.82514357566833,144.0
138.98995447158813,126.0
139.15475821495056,127.0
139.3195035457611,145.0
139.4841763973236,141.0
139.64935541152954,141.0
139.81382751464844,141.0
139.9790768623352,140.0
140.14344358444214,135.0
140.30842185020447,132.0
140.47300148010254,132.0
140.63796710968018,110.0
140.80270338058472,108.0
140.9678225517273,109.0
141.1322591304779,130.0
141.29727029800415,133.0
141.4619414806366,177.0
141.62692427635193,177.0
141.79148054122925,176.0
141.95663237571716,198.0
142.1210961341858,200.0
142.28611373901367,198.0
142.4508728981018,176.0
142.6156349182129,173.0
142.7803189754486,131.0
142.94516611099243,131.0
143.1102957725525,131.0
143.2746925354004,109.0
143.43989539146423,107.0
143.60427331924438,107.0
143.769273519516,107.0
143.93398189544678,108.0
144.09910440444946,106.0
144.26366138458252,143.0
144.42857003211975,167.0
144.5932993888855,167.0
144.7581286430359,167.0
144.92295169830322,167.0
145.08769917488098,167.0
145.2524778842926,166.0
145.41729497909546,166.0
145.58224058151245,128.0
145.74688839912415,105.0
145.91198921203613,105.0
146.0764021873474,108.0
146.24140739440918,133.0
146.40649318695068,133.0
146.57097625732422,136.0
146.73608875274658,136.0
146.90055346488953,136.0
147.06571102142334,136.0
147.23017263412476,136.0
147.39525818824768,132.0
147.55983805656433,108.0
147.7248511314392,108.0
147.8894362449646,105.0
148.05426120758057,105.0
148.21912932395935,105.0
148.38384699821472,105.0
148.54879069328308,105.0
148.71342039108276,107.0
148.87858247756958,107.0
149.04309511184692,107.0
149.20821261405945,107.0
149.37267637252808,107.0
149.53760170936584,116.0
149.70242166519165,116.0
149.8674156665802,115.0
150.03187155723572,113.0
