0.05465292930603027,228.0
0.21942591667175293,250.0
0.38410067558288574,252.0
0.5489649772644043,253.0
0.7138576507568359,253.0
0.8785834312438965,254.0
1.0434446334838867,254.0
1.2081561088562012,251.0
1.3730573654174805,244.0
1.5377781391143799,221.0
1.7026987075805664,228.0
1.867438554763794,227.0
2.0323009490966797,225.0
2.197030782699585,220.0
2.3619134426116943,224.0
2.526771068572998,213.0
2.691579818725586,203.0
2.856254816055298,188.0
3.0211219787597656,166.0
3.1858434677124023,145.0
3.350769281387329,127.0
3.515448570251465,138.0
3.680328607559204,120.0
3.84516978263855,116.0
4.010035276412964,123.0
4.174750089645386,132.0
4.339598894119263,145.0
4.504467964172363,166.0
4.6691813468933105,175.0
4.8340654373168945,157.0
4.998814344406128,157.0
5.163676738739014,157.0
5.328415155410767,148.0
5.493286609649658,139.0
5.658024549484253,127.0
5.822935104370117,113.0
5.9876673221588135,138.0
6.152570962905884,125.0
6.317250490188599,122.0
6.482127666473389,123.0
6.646964073181152,124.0
6.81168270111084,124.0
6.976912975311279,146.0
7.141666650772095,142.0
7.306778192520142,113.0
7.471659183502197,113.0
7.63609766960144,116.0
7.801031112670898,112.0
7.9661500453948975,108.0
8.130816221237183,104.0
8.294996500015259,82.0
8.459848642349243,80.0
8.624690055847168,99.0
8.789736986160278,103.0
8.95425033569336,94.0
9.11898159980774,89.0
9.283872604370117,85.0
9.448612451553345,80.0
9.613734245300293,74.0
9.778305530548096,72.0
9.943268775939941,44.0
10.107886552810669,40.0
10.272828340530396,40.0
10.43746566772461,41.0
10.602643966674805,38.0
10.767056465148926,41.0
10.932167291641235,40.0
11.096784830093384,40.0
11.261632442474365,41.0
11.426416397094727,43.0
11.591279983520508,43.0
11.756166934967041,44.0
11.920795440673828,45.0
12.085845470428467,47.0
12.250436544418335,44.0
12.415430068969727,47.0
12.580035924911499,46.0
12.74509859085083,45.0
12.90954327583313,50.0
13.074432373046875,51.0
13.239307165145874,80.0
13.404049634933472,75.0
13.568982362747192,81.0
13.733771800994873,83.0
13.898956060409546,100.0
14.063239574432373,99.0
14.22832727432251,95.0
14.392886638641357,93.0
14.557904958724976,67.0
14.722593784332275,67.0
14.88732385635376,62.0
15.052461385726929,57.0
15.216854333877563,40.0
15.381898403167725,40.0
15.546646118164062,60.0
15.711689233779907,61.0
15.876267433166504,61.0
16.041210889816284,61.0
16.205653429031372,61.0
16.370689630508423,63.0
16.53550100326538,72.0
16.700267791748047,81.0
16.865219593048096,79.0
17.029802083969116,86.0
17.195159435272217,100.0
17.359803676605225,109.0
17.52457070350647,118.0
17.689361333847046,128.0
17.854345321655273,137.0
18.01890277862549,146.0
18.18376851081848,136.0
18.348884344100952,166.0
18.51329469680786,194.0
18.67836332321167,226.0
18.843083143234253,225.0
19.007771015167236,231.0
19.172698259353638,222.0
19.33747148513794,237.0
19.502445697784424,237.0
19.66704273223877,207.0
19.83215045928955,174.0
19.996734619140625,143.0
20.161595106124878,143.0
20.32627820968628,134.0
20.49113154411316,134.0
20.65591049194336,140.0
20.820669174194336,140.0
20.985798835754395,142.0
21.150405168533325,131.0
21.315086603164673,131.0
21.480032682418823,137.0
21.64468216896057,141.0
21.809609413146973,149.0
21.974397659301758,120.0
22.139503479003906,120.0
22.303943157196045,119.0
22.468923807144165,130.0
22.633652925491333,127.0
22.79845952987671,121.0
22.963453769683838,122.0
23.12803816795349,113.0
23.292983055114746,116.0
23.457594871520996,127.0
23.622581720352173,133.0
23.78727912902832,137.0
23.9523823261261,150.0
24.11692762374878,156.0
24.281741857528687,154.0
24.4466872215271,154.0
24.61135458946228,151.0
24.776262760162354,145.0
24.940833806991577,128.0
25.10591197013855,119.0
25.270604133605957,110.0
25.435399055480957,109.0
25.600229740142822,108.0
25.76488733291626,108.0
25.93002414703369,117.0
26.094626665115356,113.0
26.25948143005371,122.0
26.4240779876709,117.0
26.58903932571411,117.0
26.7540123462677,112.0
26.918627738952637,111.0
27.08349347114563,102.0
27.248030424118042,93.0
27.41295886039734,92.0
27.577687740325928,131.0
27.74270224571228,174.0
27.90741205215454,174.0
28.07228374481201,174.0
28.23738145828247,174.0
28.401964902877808,177.0
28.566704034805298,173.0
28.731464385986328,175.0
28.896466493606567,135.0
29.060800313949585,97.0
29.225814819335938,91.0
29.390864849090576,128.0
29.555660247802734,128.0
29.720343112945557,134.0
29.88518714904785,131.0
30.050119161605835,124.0
30.214773893356323,119.0
30.37977409362793,112.0
30.544468641281128,109.0
30.709202527999878,67.0
30.873746871948242,60.0
31.038627862930298,55.0
31.20352339744568,56.0
31.368476152420044,101.0
31.533550262451172,116.0
31.698095560073853,115.0
31.86302876472473,124.0
32.02772617340088,122.0
32.192554235458374,119.0
32.357414960861206,119.0
32.52210783958435,157.0
32.68724489212036,151.0
32.85171842575073,175.0
33.016681432724,216.0
33.18132996559143,251.0
33.34609532356262,297.0
33.51074004173279,329.0
33.67553448677063,346.0
33.84036684036255,324.0
34.00505518913269,283.0
34.16993498802185,248.0
34.33480739593506,225.0
34.49946427345276,201.0
34.66429305076599,172.0
34.829137086868286,150.0
34.99397397041321,151.0
35.1588191986084,139.0
35.32365036010742,188.0
35.4883131980896,188.0
35.653130769729614,185.0
35.81794261932373,214.0
35.98278450965881,205.0
36.14759683609009,244.0
36.312471866607666,269.0
36.47731637954712,308.0
36.642000913619995,307.0
36.80685257911682,344.0
36.97179698944092,373.0
37.13639688491821,371.0
37.30126619338989,408.0
37.46613359451294,405.0
37.63084173202515,405.0
37.79570245742798,402.0
37.96057963371277,400.0
38.12530207633972,387.0
38.29020881652832,363.0
38.45534133911133,348.0
38.620060205459595,348.0
38.78477764129639,345.0
38.949843645095825,345.0
39.114607095718384,317.0
39.279292345047,318.0
39.44405198097229,309.0
39.60882759094238,334.0
39.77375650405884,322.0
39.93863868713379,294.0
40.103330850601196,273.0
40.268107891082764,275.0
40.43325734138489,304.0
40.59783387184143,276.0
40.76265287399292,299.0
40.927459955215454,283.0
41.092082500457764,271.0
41.257009506225586,254.0
41.421772956848145,278.0
41.58685564994812,239.0
41.751394271850586,201.0
41.91644597053528,192.0
42.08100986480713,189.0
42.245829820632935,201.0
42.41081166267395,210.0
42.575480461120605,227.0
42.74052596092224,226.0
42.90513730049133,259.0
43.06992506980896,292.0
43.23472189903259,302.0
43.39942646026611,280.0
43.56442999839783,256.0
43.728984117507935,256.0
43.89398956298828,281.0
44.05869698524475,255.0
44.22354793548584,231.0
44.38851356506348,207.0
44.55306935310364,196.0
44.71814441680908,185.0
44.8826699256897,175.0
45.047773122787476,167.0
45.212059020996094,133.0
45.376970291137695,124.0
45.54169416427612,124.0
45.70659875869751,115.0
45.871365785598755,115.0
46.03603267669678,115.0
46.200942277908325,121.0
46.365782260894775,120.0
46.53052353858948,129.0
46.69536900520325,137.0
46.86020517349243,137.0
47.024897813797,170.0
47.189757347106934,161.0
47.354656457901,152.0
47.519429206848145,179.0
47.68428325653076,188.0
47.848979234695435,171.0
48.013845682144165,162.0
48.1788010597229,187.0
48.34356927871704,154.0
48.50825357437134,163.0
48.67312479019165,172.0
48.837966442108154,172.0
49.00280833244324,199.0
49.16761827468872,217.0
49.33228659629822,217.0
49.49710130691528,214.0
49.66191911697388,245.0
49.82676982879639,279.0
49.99157404899597,279.0
50.156830072402954,237.0
50.32154893875122,234.0
50.48634457588196,226.0
50.65142011642456,228.0
50.81592273712158,215.0
50.98102688789368,187.0
51.14544415473938,175.0
51.31052803993225,175.0
51.47525095939636,206.0
51.64001655578613,172.0
51.804704666137695,168.0
51.969733476638794,165.0
52.13436770439148,147.0
52.29926562309265,144.0
52.46396851539612,122.0
52.62902212142944,142.0
52.79353737831116,120.0
52.95856261253357,120.0
53.123172760009766,148.0
53.2880175113678,142.0
53.45293998718262,137.0
53.61769986152649,137.0
53.78290009498596,133.0
53.94720101356506,104.0
54.11188983917236,96.0
54.276718854904175,88.0
54.44133162498474,59.0
54.60642433166504,58.0
54.77102756500244,58.0
54.935943365097046,52.0
55.10057210922241,56.0
55.26542401313782,64.0
55.43056511878967,65.0
55.595126152038574,74.0
55.75985097885132,80.0
55.92461538314819,86.0
56.08964800834656,91.0
56.25459909439087,137.0
56.41941261291504,178.0
56.584543228149414,218.0
56.74911189079285,225.0
56.913949728012085,216.0
57.07866144180298,216.0
57.24371266365051,216.0
57.408308267593384,210.0
57.573134660720825,170.0
57.73791527748108,130.0
57.902533769607544,81.0
58.067461013793945,72.0
58.23194408416748,72.0
58.39693641662598,72.0
58.56203103065491,72.0
58.726433753967285,75.0
58.89153504371643,66.0
59.05607843399048,59.0
59.22102880477905,68.0
59.385733127593994,70.0
59.55051350593567,71.0
59.71533727645874,93.0
59.88008666038513,93.0
60.04503083229065,97.0
60.20968556404114,99.0
60.37488603591919,100.0
60.53964591026306,94.0
60.70445966720581,122.0
60.869346618652344,144.0
61.034098625183105,155.0
61.19903373718262,148.0
61.36369967460632,148.0
61.52880358695984,178.0
61.69342303276062,179.0
61.8581166267395,191.0
62.022926807403564,180.0
62.18771457672119,160.0
62.35282039642334,119.0
62.51734757423401,125.0
62.68218517303467,138.0
62.84691572189331,108.0
63.011908292770386,116.0
63.176660776138306,143.0
63.341445446014404,130.0
63.50629901885986,136.0
63.671024560928345,140.0
63.83605408668518,141.0
64.00051975250244,128.0
64.165531873703,135.0
64.3302652835846,141.0
64.49514937400818,103.0
64.65979766845703,140.0
64.8247480392456,151.0
64.98944807052612,183.0
65.15443754196167,192.0
65.31913757324219,214.0
65.48397064208984,217.0
65.64890050888062,231.0
65.81343865394592,256.0
65.97826027870178,222.0
66.14321064949036,233.0
66.30785036087036,204.0
66.47288012504578,208.0
66.63746786117554,186.0
66.80235934257507,202.0
66.96714615821838,180.0
67.1322660446167,165.0
67.29673767089844,165.0
67.46162962913513,143.0
67.62677454948425,144.0
67.79118704795837,131.0
67.95625567436218,131.0
68.12092232704163,115.0
68.2855761051178,115.0
68.45044445991516,135.0
68.6151671409607,161.0
68.78031611442566,161.0
68.94480752944946,190.0
69.10997104644775,190.0
69.27445411682129,215.0
69.43939661979675,212.0
69.60416340827942,214.0
69.76900696754456,190.0
69.93368196487427,163.0
70.09845113754272,165.0
70.26354312896729,136.0
70.42809867858887,136.0
70.59332847595215,115.0
70.75769996643066,115.0
70.92272591590881,113.0
71.08748626708984,139.0
71.25230765342712,139.0
71.41692042350769,137.0
71.58193063735962,127.0
71.74682474136353,127.0
71.91145491600037,122.0
72.07617402076721,122.0
72.24133968353271,126.0
72.40589189529419,100.0
72.57066130638123,100.0
72.73549723625183,122.0
72.90034604072571,126.0
73.06528687477112,117.0
73.22985124588013,117.0
73.39475631713867,121.0
73.55949568748474,117.0
73.72464346885681,117.0
73.88918375968933,117.0
74.05373692512512,95.0
74.21908473968506,100.0
74.38354873657227,109.0
74.54867458343506,109.0
74.71310758590698,106.0
74.87807822227478,108.0
75.04296159744263,103.0
75.2075822353363,101.0
75.3725917339325,101.0
75.53717565536499,101.0
75.70210266113281,97.0
75.86651420593262,97.0
76.03137302398682,88.0
76.19624042510986,86.0
76.36099481582642,84.0
76.52620244026184,88.0
76.69055891036987,89.0
76.85593962669373,111.0
77.02050375938416,111.0
77.1853859424591,111.0
77.35041093826294,119.0
77.51490998268127,119.0
77.67980551719666,126.0
77.84452319145203,146.0
78.00933837890625,165.0
78.17429423332214,144.0
78.33909797668457,152.0
78.50406646728516,162.0
78.66863584518433,174.0
78.83354568481445,174.0
78.99840092658997,192.0
79.16311025619507,181.0
79.32786870002747,173.0
79.49271774291992,172.0
79.65747022628784,176.0
79.8221971988678,176.0
79.9873595237732,157.0
80.1519103050232,169.0
80.31703758239746,157.0
80.48140239715576,167.0
80.64666438102722,156.0
80.81117510795593,164.0
80.97600269317627,156.0
81.14076256752014,138.0
81.30558919906616,159.0
81.47035932540894,151.0
81.63546919822693,156.0
81.80006694793701,134.0
81.96512722969055,143.0
82.1296272277832,147.0
82.29467606544495,142.0
82.45918369293213,162.0
82.62433433532715,139.0
82.78891897201538,146.0
82.95376324653625,136.0
83.11851215362549,136.0
83.28347539901733,127.0
83.44807076454163,121.0
83.613046169281,125.0
83.7777829170227,114.0
83.94282722473145,122.0
84.1073362827301,111.0
84.27214097976685,111.0
84.43703150749207,111.0
84.60180735588074,111.0
84.76678895950317,105.0
84.93135499954224,110.0
85.09631109237671,112.0
85.2611038684845,112.0
85.4260675907135,112.0
85.59057593345642,133.0
85.75539708137512,161.0
85.92007756233215,170.0
86.08532762527466,170.0
86.24980592727661,174.0
86.4151017665863,172.0
86.57956409454346,172.0
86.74424242973328,175.0
86.90934920310974,163.0
87.07390427589417,134.0
87.23909568786621,126.0
87.40356779098511,126.0
87.56849312782288,117.0
87.73318099975586,121.0
87.89800429344177,145.0
88.06282210350037,172.0
88.2277398109436,166.0
88.39231610298157,169.0
88.5572280883789,172.0
88.72192764282227,174.0
88.88678050041199,177.0
89.05189728736877,177.0
89.21639156341553,159.0
89.38116240501404,137.0
89.54587745666504,138.0
89.71119999885559,134.0
89.8756947517395,159.0
90.04068660736084,157.0
90.2051842212677,157.0
90.37022733688354,157.0
90.53491425514221,152.0
90.69997334480286,148.0
90.86456346511841,145.0
91.02969551086426,144.0
91.1940290927887,147.0
91.35910534858704,147.0
91.52376866340637,149.0
91.68863296508789,143.0
91.85342955589294,149.0
92.01802086830139,148.0
92.18295192718506,152.0
92.34771299362183,158.0
92.51286435127258,128.0
92.67738246917725,160.0
92.84231662750244,156.0
93.00708103179932,162.0
93.17191433906555,157.0
93.33700489997864,156.0
93.50134992599487,157.0
93.66630172729492,153.0
93.83108854293823,153.0
93.99588131904602,126.0
94.16096472740173,131.0
94.32546162605286,122.0
94.49051856994629,122.0
94.65519285202026,116.0
94.82000350952148,107.0
94.98491430282593,109.0
95.14982318878174,113.0
95.31449937820435,108.0
95.47911763191223,103.0
95.6443681716919,111.0
95.80889892578125,147.0
95.97398018836975,150.0
96.13835144042969,185.0
96.30336332321167,187.0
96.46818017959595,185.0
96.63308095932007,185.0
96.79758858680725,188.0
96.96255660057068,186.0
97.12733483314514,150.0
97.292147397995,150.0
97.45695543289185,119.0
97.62172317504883,118.0
97.78673028945923,115.0
97.95138025283813,115.0
98.11622619628906,112.0
98.28096270561218,109.0
98.4460141658783,109.0
98.61066389083862,112.0
98.77549648284912,112.0
98.94021487236023,110.0
99.10516381263733,112.0
99.26976418495178,116.0
99.43483066558838,116.0
99.59945845603943,120.0
99.76439380645752,120.0
99.92901611328125,118.0
100.09400200843811,121.0
100.25876832008362,122.0
100.42354226112366,123.0
100.5886480808258,123.0
100.75318431854248,128.0
100.9182722568512,124.0
101.08267140388489,128.0
101.24755620956421,132.0
101.41239309310913,129.0
101.57721996307373,132.0
101.7419593334198,132.0
101.90714597702026,160.0
102.0715069770813,156.0
102.2366943359375,155.0
102.40125632286072,156.0
102.56609869003296,157.0
102.73084449768066,166.0
102.89593601226807,166.0
103.06046414375305,166.0
103.2253270149231,139.0
103.39005661010742,143.0
103.55498576164246,146.0
103.71962833404541,146.0
103.88453221321106,170.0
104.04932451248169,170.0
104.21414160728455,195.0
104.37932014465332,195.0
104.54370641708374,193.0
104.70861315727234,193.0
104.87349343299866,194.0
105.03840517997742,194.0
105.20301842689514,169.0
105.3678822517395,165.0
105.53255009651184,143.0
105.69738817214966,142.0
105.86226344108582,163.0
106.02699971199036,168.0
106.19208812713623,194.0
106.35665822029114,195.0
106.52156639099121,195.0
106.68619918823242,196.0
106.85140633583069,192.0
107.01594376564026,193.0
107.18068099021912,175.0
107.3455080986023,172.0
107.51061582565308,151.0
107.6751856803894,151.0
107.8401358127594,151.0
108.00472593307495,155.0
108.16965222358704,155.0
108.33441162109375,156.0
108.49921250343323,155.0
108.66422390937805,154.0
108.82875895500183,150.0
108.99371981620789,149.0
109.1583924293518,151.0
109.32323694229126,145.0
109.4880588054657,146.0
109.65281867980957,142.0
109.81781935691833,164.0
109.98234105110168,168.0
110.14733600616455,169.0
110.3119330406189,170.0
110.47685670852661,169.0
110.641761302948,168.0
110.80635929107666,163.0
110.97167253494263,163.0
111.13595461845398,141.0
111.3011269569397,136.0
111.46577143669128,139.0
111.6307806968689,162.0
111.79526829719543,184.0
111.96036720275879,183.0
112.12491488456726,187.0
112.28989100456238,188.0
112.45468068122864,178.0
112.61946702003479,174.0
112.78430986404419,166.0
112.94907712936401,137.0
113.11401462554932,109.0
113.27863121032715,103.0
113.44376349449158,103.0
113.60823440551758,104.0
113.77286839485168,99.0
113.93791317939758,104.0
114.10272216796875,106.0
114.2676134109497,101.0
114.43222570419312,101.0
114.5973482131958,112.0
114.76201629638672,114.0
114.92711663246155,115.0
115.09147787094116,142.0
115.25637102127075,143.0
115.42116832733154,142.0
115.5859055519104,148.0
115.7508716583252,154.0
115.9155375957489,151.0
116.08054232597351,146.0
116.24529647827148,140.0
116.41025590896606,121.0
116.57486939430237,116.0
116.73986959457397,116.0
116.90443205833435,120.0
117.06942915916443,114.0
117.23414754867554,117.0
117.39906311035156,127.0
117.56362843513489,127.0
117.72870945930481,133.0
117.89330434799194,132.0
118.05826497077942,134.0
118.22301864624023,129.0
118.38773846626282,132.0
118.55282235145569,128.0
118.71744418144226,117.0
118.88238859176636,135.0
119.04707288742065,130.0
119.2121069431305,137.0
119.37656044960022,134.0
119.54157996177673,147.0
119.70631384849548,142.0
119.87116241455078,145.0
120.03598976135254,149.0
120.20065069198608,126.0
120.36571502685547,118.0
120.5302951335907,120.0
120.69519662857056,120.0
120.85993885993958,107.0
121.02482843399048,110.0
121.18937945365906,105.0
121.35463094711304,102.0
121.51905679702759,107.0
121.6838493347168,138.0
121.84879565238953,129.0
122.01354956626892,138.0
122.17859840393066,139.0
122.34313893318176,161.0
122.50830101966858,161.0
122.67283701896667,161.0
122.8377890586853,161.0
123.00234174728394,137.0
123.16738104820251,137.0
123.33203959465027,128.0
123.4966824054718,123.0
123.66160225868225,100.0
123.82637453079224,100.0
123.99151754379272,100.0
124.156014919281,100.0
124.32096743583679,102.0
124.48540210723877,93.0
124.65042090415955,93.0
124.8151433467865,100.0
124.98005151748657,100.0
125.14489698410034,100.0
125.30930042266846,91.0
125.47427558898926,83.0
125.63910460472107,81.0
125.80408334732056,90.0
125.96893763542175,122.0
126.13381791114807,123.0
126.29864072799683,123.0
126.46348166465759,132.0
126.62847828865051,170.0
126.79304933547974,179.0
126.95804738998413,188.0
127.12258386611938,219.0
127.28734850883484,187.0
127.45241808891296,182.0
127.6170117855072,182.0
127.78191065788269,174.0
127.94671273231506,144.0
128.11169719696045,144.0
128.27622437477112,136.0
128.44116258621216,105.0
128.60595870018005,139.0
128.77097272872925,139.0
128.93548011779785,139.0
129.1003692150116,139.0
129.26516699790955,147.0
129.43017053604126,150.0
129.59488248825073,150.0
129.75979852676392,150.0
129.9243655204773,116.0
130.08918523788452,109.0
130.2540192604065,119.0
130.41882514953613,111.0
130.5837323665619,113.0
130.7484905719757,146.0
130.91345024108887,137.0
131.0780177116394,145.0
131.24324941635132,153.0
131.40772485733032,159.0
131.5726191997528,167.0
131.73722910881042,184.0
131.9021623134613,173.0
132.0670199394226,149.0
132.2318253517151,158.0
132.39647316932678,150.0
132.56121683120728,146.0
132.7263753414154,152.0
132.8910036087036,138.0
133.05588030815125,135.0
133.2205364704132,135.0
133.38546133041382,130.0
133.55024528503418,146.0
133.7150959968567,154.0
133.8800914287567,150.0
134.04460978507996,154.0
134.2097134590149,146.0
134.3742172718048,140.0
134.53932642936707,146.0
134.70384669303894,141.0
134.86888575553894,120.0
135.03351736068726,111.0
135.19834899902344,107.0
135.36270904541016,98.0
135.52822947502136,102.0
135.69255185127258,133.0
135.85771584510803,121.0
136.02234649658203,116.0
136.18720173835754,117.0
136.35200953483582,112.0
136.51711988449097,116.0
136.68151450157166,116.0
136.8467001914978,142.0
137.01119828224182,129.0
137.17607259750366,132.0
137.3407781124115,131.0
137.5058946609497,166.0
137.67045545578003,184.0
137.8353612422943,199.0
138.00003623962402,229.0
138.16516637802124,229.0
138.32967591285706,224.0
138.49464797973633,239.0
138.65931797027588,258.0
138.82411813735962,239.0
138.98885536193848,237.0
139.15398406982422,236.0
139.31867289543152,219.0
139.48341035842896,207.0
139.64833426475525,207.0
139.8129599094391,227.0
139.9781255722046,249.0
140.14264917373657,246.0
140.3073079586029,247.0
140.47229528427124,246.0
140.63703227043152,249.0
140.80210518836975,249.0
140.96671223640442,269.0
141.1315097808838,249.0
141.2964642047882,228.0
141.46103596687317,232.0
141.626225233078,233.0
141.7906312942505,234.0
141.95548748970032,252.0
142.120267868042,272.0
142.2852988243103,252.0
142.4498519897461,252.0
142.6150598526001,252.0
142.77956891059875,252.0
142.94457483291626,278.0
143.10909223556519,280.0
143.27395725250244,266.0
143.43914532661438,246.0
143.60350155830383,273.0
143.76844835281372,296.0
143.93323349952698,292.0
144.0981719493866,292.0
144.26284408569336,266.0
144.42773818969727,291.0
144.59250688552856,284.0
144.75750946998596,262.0
144.92217636108398,240.0
145.08694434165955,193.0
145.25175404548645,198.0
145.41650247573853,199.0
145.58143067359924,227.0
145.74607491493225,216.0
145.9113323688507,242.0
146.0756595134735,267.0
146.24070262908936,288.0
146.4054856300354,310.0
146.57011699676514,309.0
146.73508429527283,285.0
146.8996706008911,263.0
147.0647542476654,225.0
147.2293028831482,214.0
147.394544839859,223.0
147.55888295173645,220.0
147.72389817237854,220.0
147.888747215271,242.0
148.05354380607605,264.0
148.21845698356628,259.0
148.3829584121704,300.0
148.54819703102112,286.0
148.71253395080566,274.0
148.87739872932434,278.0
149.0424554347992,295.0
149.20705151557922,272.0
149.3719928264618,274.0
149.53683638572693,278.0
149.70188784599304,276.0
149.8662829399109,276.0
150.03140425682068,276.0
