0.10278511047363281,106.0
0.2674560546875,112.0
0.4323294162750244,112.0
0.5971083641052246,112.0
0.7618100643157959,121.0
0.9265477657318115,121.0
1.0914428234100342,126.0
1.256335973739624,131.0
1.4210841655731201,122.0
1.585951328277588,144.0
1.7506778240203857,153.0
1.9154565334320068,138.0
2.0803639888763428,123.0
2.2451515197753906,115.0
2.4099135398864746,115.0
2.5746755599975586,111.0
2.7396082878112793,102.0
2.9041643142700195,71.0
3.0689265727996826,53.0
3.2336292266845703,54.0
3.3985555171966553,51.0
3.5633068084716797,53.0
3.7280962467193604,48.0
3.8928873538970947,47.0
4.057767629623413,49.0
4.222522258758545,49.0
4.387312412261963,49.0
4.5520758628845215,55.0
4.716865539550781,63.0
4.881775140762329,61.0
5.046934366226196,58.0
5.211512327194214,56.0
5.376499652862549,71.0
5.541473627090454,80.0
5.706357955932617,122.0
5.8712217807769775,122.0
6.035837888717651,122.0
6.200908899307251,131.0
6.365427255630493,139.0
6.530537366867065,147.0
6.6950225830078125,168.0
6.86020565032959,168.0
7.0247228145599365,135.0
7.189707040786743,169.0
7.35429573059082,169.0
7.519242286682129,169.0
7.684037208557129,169.0
7.848856687545776,200.0
8.013824462890625,170.0
8.178492069244385,201.0
8.343439102172852,201.0
8.507972478866577,167.0
8.673150300979614,175.0
8.837594509124756,167.0
9.00257396697998,162.0
9.16722059249878,130.0
9.332124710083008,122.0
9.496654510498047,82.0
9.6616849899292,113.0
9.826469659805298,121.0
9.991220235824585,113.0
10.15622854232788,152.0
10.32082462310791,157.0
10.486024141311646,157.0
10.650449275970459,157.0
10.815465211868286,157.0
10.980137348175049,118.0
11.145137548446655,101.0
11.309459447860718,92.0
11.474395036697388,52.0
11.639049291610718,43.0
11.804009675979614,35.0
11.968648910522461,35.0
12.133525133132935,35.0
12.298349857330322,43.0
12.46311330795288,43.0
12.62792158126831,43.0
12.79258680343628,76.0
12.957526445388794,76.0
13.122418880462646,76.0
13.286924600601196,76.0
13.451927185058594,76.0
13.616711854934692,67.0
13.781736135482788,67.0
13.9465012550354,106.0
14.111181497573853,82.0
14.276150226593018,122.0
14.441058158874512,160.0
14.605773448944092,160.0
14.770627975463867,160.0
14.93548035621643,160.0
15.100067377090454,160.0
15.265032291412354,121.0
15.429836750030518,112.0
15.594953775405884,104.0
15.759238481521606,66.0
15.923956155776978,66.0
16.089141845703125,66.0
16.25357985496521,66.0
16.418570518493652,66.0
16.58323907852173,92.0
16.747973203659058,92.0
16.91286826133728,61.0
17.077725172042847,61.0
17.242458820343018,70.0
17.40725588798523,70.0
17.572537422180176,107.0
17.73709726333618,107.0
17.901915550231934,81.0
18.06645393371582,90.0
18.231342554092407,98.0
18.396042108535767,98.0
18.561007499694824,98.0
18.725874423980713,98.0
18.89056658744812,70.0
19.055290699005127,70.0
19.220184087753296,70.0
19.38500213623047,61.0
19.549736261367798,52.0
19.714510440826416,52.0
19.879481554031372,52.0
20.044198513031006,61.0
20.20897603034973,52.0
20.373616456985474,61.0
20.538628101348877,61.0
20.703452110290527,70.0
20.86816096305847,78.0
21.033190488815308,87.0
21.197743892669678,78.0
21.362593173980713,78.0
21.527400970458984,87.0
21.69209337234497,87.0
21.857024908065796,96.0
22.021870613098145,96.0
22.186822652816772,96.0
22.351377487182617,96.0
22.516319274902344,96.0
22.680967569351196,96.0
22.846036672592163,96.0
23.010538816452026,87.0
23.17599892616272,105.0
23.34017825126648,96.0
23.505232572555542,96.0
23.66983938217163,96.0
23.834908485412598,105.0
23.999505519866943,96.0
24.164247035980225,87.0
24.32924199104309,87.0
24.493813276290894,70.0
24.658763647079468,78.0
24.823362112045288,70.0
24.988219261169434,61.0
25.153360843658447,52.0
25.317758560180664,52.0
25.48287582397461,52.0
25.6474826335907,52.0
25.812238693237305,52.0
25.977123498916626,52.0
26.1418879032135,61.0
26.306586503982544,70.0
26.471457958221436,78.0
26.636558294296265,78.0
26.80109405517578,87.0
26.965990781784058,87.0
27.130762815475464,87.0
27.29578948020935,119.0
27.460652589797974,119.0
27.625505447387695,119.0
27.79019832611084,119.0
27.955049514770508,127.0
28.119925498962402,156.0
28.284553289413452,195.0
28.449591398239136,221.0
28.614195823669434,181.0
28.779159545898438,211.0
28.94379186630249,220.0
29.10869264602661,211.0
29.273611307144165,202.0
29.438101768493652,164.0
29.603266954421997,162.0
29.76791787147522,136.0
29.932936668395996,144.0
30.097455263137817,144.0
30.262361526489258,127.0
30.42700457572937,136.0
30.591969966888428,136.0
30.756588220596313,171.0
30.921422004699707,135.0
31.086456775665283,135.0
31.251072883605957,165.0
31.41585612297058,126.0
31.580730438232422,164.0
31.745403051376343,193.0
31.910377502441406,193.0
32.075148582458496,157.0
32.240002155303955,194.0
32.40459203720093,202.0
32.56975817680359,164.0
32.734210729599,173.0
32.89932703971863,135.0
33.06384015083313,136.0
33.22871923446655,136.0
33.39361023902893,136.0
33.5582709312439,131.0
33.723227739334106,151.0
33.88801050186157,189.0
34.05304026603699,189.0
34.217623233795166,198.0
34.382574796676636,176.0
34.54717659950256,185.0
34.71194100379944,193.0
34.87673306465149,171.0
35.04174280166626,173.0
35.206342458724976,153.0
35.371463775634766,153.0
35.53590726852417,162.0
35.700907468795776,183.0
35.8656792640686,183.0
36.03045105934143,211.0
36.19522213935852,233.0
36.35983324050903,231.0
36.52462673187256,231.0
36.689791679382324,231.0
36.85440921783447,252.0
37.019195318222046,252.0
37.18419623374939,272.0
37.34895849227905,252.0
37.51344275474548,261.0
37.678396224975586,261.0
37.84331274032593,261.0
38.00777554512024,241.0
38.173189640045166,241.0
38.337743282318115,248.0
38.502559423446655,249.0
38.66718935966492,219.0
38.832353591918945,219.0
38.99677920341492,221.0
39.16181492805481,234.0
39.32652401924133,249.0
39.491121768951416,253.0
39.656174659729004,253.0
39.82101821899414,255.0
39.98572373390198,270.0
40.15028381347656,280.0
40.31542658805847,280.0
40.48014950752258,316.0
40.64500403404236,294.0
40.80962300300598,294.0
40.97450375556946,302.0
41.138954877853394,302.0
41.30413460731506,302.0
41.4686279296875,302.0
41.633768796920776,302.0
41.79867434501648,309.0
41.96340799331665,321.0
42.128196001052856,316.0
42.29294753074646,294.0
42.45782995223999,294.0
42.622642040252686,312.0
42.78743624687195,285.0
42.952200412750244,285.0
43.11742401123047,263.0
43.28180551528931,224.0
43.446720361709595,199.0
43.61146950721741,202.0
43.7764368057251,170.0
43.9409441947937,133.0
44.10608124732971,116.0
44.27071237564087,133.0
44.43547987937927,116.0
44.600372314453125,153.0
44.76506066322327,144.0
44.92989945411682,140.0
45.09471154212952,140.0
45.25959014892578,170.0
45.42416715621948,209.0
45.58916664123535,174.0
45.753971338272095,212.0
45.91860842704773,175.0
46.08348321914673,192.0
46.248250246047974,196.0
46.41316366195679,196.0
46.57770490646362,198.0
46.74265170097351,198.0
46.907567501068115,198.0
47.07233428955078,196.0
47.23681926727295,196.0
47.40225076675415,196.0
47.566505908966064,244.0
47.731680154800415,244.0
47.89642071723938,240.0
48.061424016952515,240.0
48.22597146034241,240.0
48.3908269405365,203.0
48.555675745010376,203.0
48.72045373916626,208.0
48.88530731201172,203.0
49.0499792098999,203.0
49.214990854263306,154.0
49.37932085990906,120.0
49.544413805007935,120.0
49.7093071937561,157.0
49.873985052108765,157.0
50.03908562660217,157.0
50.20366811752319,157.0
50.36846995353699,120.0
50.53294134140015,120.0
50.69802641868591,120.0
50.86292338371277,120.0
51.02768349647522,135.0
51.1928973197937,181.0
51.35732889175415,181.0
51.522217750549316,144.0
51.6868691444397,127.0
51.85157632827759,127.0
52.016085624694824,127.0
52.181360483169556,127.0
52.346091985702515,127.0
52.5110297203064,164.0
52.675429821014404,164.0
52.840250968933105,164.0
53.005449295043945,164.0
53.169941425323486,158.0
53.33514046669006,158.0
53.499690532684326,112.0
53.66468405723572,148.0
53.82945370674133,183.0
53.994484663009644,211.0
54.158761978149414,247.0
54.32369089126587,247.0
54.48861026763916,247.0
54.65355443954468,249.0
54.818129777908325,285.0
54.98321008682251,283.0
55.147785902023315,320.0
55.31279754638672,320.0
55.47764611244202,294.0
55.642369747161865,301.0
55.807121992111206,304.0
55.97172975540161,274.0
56.13673257827759,271.0
56.301419258117676,269.0
56.46654176712036,266.0
56.63095784187317,264.0
56.79608988761902,287.0
56.960349798202515,283.0
57.12530159950256,283.0
57.29037404060364,283.0
57.45500159263611,262.0
57.62014842033386,284.0
57.78466296195984,281.0
57.94964790344238,276.0
58.11410617828369,242.0
58.27906537055969,245.0
58.44386315345764,253.0
58.60870146751404,259.0
58.77367925643921,281.0
58.93824529647827,289.0
59.10300588607788,299.0
59.267467737197876,299.0
59.43272876739502,299.0
59.59759521484375,286.0
59.762255907058716,328.0
59.92716860771179,330.0
60.091644525527954,330.0
60.256882190704346,330.0
60.421623945236206,328.0
60.58642292022705,291.0
60.75114631652832,251.0
60.915956020355225,220.0
61.08103156089783,220.0
61.24554252624512,211.0
61.41062355041504,211.0
61.57518005371094,171.0
61.740036964416504,133.0
61.904590368270874,133.0
62.06976318359375,133.0
62.23443913459778,133.0
62.39922261238098,124.0
62.563743591308594,84.0
62.728503942489624,76.0
62.89345335960388,35.0
63.05818557739258,35.0
63.22302293777466,35.0
63.387808084487915,35.0
63.55271005630493,43.0
63.717459201812744,52.0
63.88216423988342,52.0
64.04723715782166,52.0
64.21182465553284,61.0
64.37694835662842,70.0
64.5413088798523,79.0
64.70623397827148,79.0
64.87114310264587,70.0
65.03566861152649,91.0
65.20067405700684,91.0
65.36504530906677,91.0
65.53008460998535,91.0
65.69485759735107,91.0
65.85998177528381,91.0
66.02478408813477,91.0
66.18986535072327,122.0
66.35462999343872,113.0
66.51935243606567,105.0
66.68451070785522,105.0
66.84901237487793,105.0
67.01393532752991,109.0
67.17856550216675,109.0
67.34345698356628,109.0
67.50794243812561,69.0
67.67278933525085,69.0
67.8376829624176,69.0
68.00232815742493,69.0
68.16728806495667,69.0
68.33206272125244,35.0
68.49687194824219,35.0
68.66160583496094,35.0
68.8263213634491,35.0
68.9911961555481,35.0
69.15596294403076,71.0
69.32093787193298,71.0
69.48587608337402,108.0
69.65056681632996,144.0
69.81543135643005,144.0
69.98054194450378,144.0
70.14507985115051,183.0
70.30987596511841,192.0
70.4749083518982,164.0
70.63955450057983,173.0
70.80439734458923,136.0
70.96899080276489,140.0
71.13399195671082,140.0
71.29882645606995,179.0
71.46370029449463,215.0
71.62824153900146,185.0
71.7934262752533,210.0
71.95802021026611,202.0
72.12266445159912,193.0
72.28757381439209,202.0
72.45241236686707,170.0
72.6176872253418,131.0
72.78191542625427,104.0
72.94664692878723,95.0
73.11132979393005,61.0
73.27632141113281,61.0
73.4408905506134,61.0
73.6054756641388,52.0
73.77054476737976,52.0
73.93501877784729,78.0
74.10034728050232,78.0
74.26511979103088,87.0
74.42974042892456,78.0
74.59485912322998,116.0
74.75965142250061,116.0
74.92442512512207,134.0
75.0892767906189,134.0
75.25420641899109,143.0
75.4187912940979,108.0
75.58378887176514,137.0
75.74858474731445,137.0
75.91304159164429,99.0
76.07792711257935,99.0
76.24266004562378,81.0
76.40741276741028,81.0
76.57226014137268,73.0
76.73710131645203,73.0
76.90198254585266,35.0
77.06662273406982,35.0
77.23163485527039,35.0
77.39628887176514,73.0
77.56113576889038,73.0
77.72584247589111,73.0
77.89064717292786,82.0
78.05575633049011,91.0
78.22020626068115,91.0
78.38517355918884,91.0
78.55025243759155,91.0
78.71466183662415,52.0
78.87971520423889,52.0
79.04438185691833,52.0
79.20927858352661,43.0
79.37396264076233,35.0
79.53879141807556,35.0
79.7034547328949,43.0
79.86834502220154,44.0
80.03331971168518,44.0
80.19794607162476,53.0
80.36274075508118,53.0
80.52736258506775,62.0
80.69228625297546,62.0
80.85706090927124,70.0
81.02200365066528,62.0
81.18677949905396,70.0
81.35185670852661,78.0
81.51638412475586,70.0
81.68129062652588,70.0
81.84599924087524,61.0
82.01086831092834,61.0
82.17579579353333,52.0
82.3403697013855,70.0
82.5053334236145,61.0
82.6699743270874,52.0
82.83500814437866,52.0
82.99965214729309,61.0
83.1647219657898,61.0
83.32918357849121,78.0
83.49425649642944,78.0
83.65894341468811,61.0
83.82361912727356,61.0
83.98848843574524,61.0
84.15322709083557,61.0
84.31827855110168,52.0
84.482834815979,90.0
84.64780974388123,81.0
84.81237840652466,90.0
84.97739219665527,90.0
85.1422176361084,90.0
85.3068196773529,90.0
85.47188115119934,90.0
85.63654971122742,90.0
85.80147314071655,61.0
85.96612071990967,61.0
86.1310441493988,52.0
86.29567265510559,52.0
86.46052527427673,52.0
86.62540912628174,52.0
86.79000282287598,52.0
86.95492005348206,52.0
87.11976337432861,43.0
87.28450655937195,43.0
87.44940066337585,43.0
87.6143627166748,43.0
87.77898836135864,52.0
87.94380402565002,61.0
88.1085991859436,61.0
88.27339911460876,61.0
88.43822932243347,61.0
88.60297656059265,52.0
88.76786041259766,52.0
88.93268585205078,52.0
89.09743285179138,43.0
89.26210856437683,75.0
89.42708921432495,75.0
89.59181547164917,75.0
89.75677680969238,92.0
89.92138028144836,92.0
90.08638405799866,92.0
90.25105166435242,92.0
90.41608095169067,110.0
90.58070969581604,70.0
90.74564576148987,70.0
90.91026473045349,70.0
91.07535648345947,52.0
91.23973560333252,52.0
91.40493941307068,52.0
91.56957268714905,52.0
91.734299659729,35.0
91.89913010597229,35.0
92.06417942047119,35.0
92.228684425354,43.0
92.3937120437622,52.0
92.55803442001343,70.0
92.72308111190796,70.0
92.88797211647034,78.0
93.05300164222717,96.0
93.21780204772949,113.0
93.38286805152893,113.0
93.54740595817566,113.0
93.71212482452393,105.0
93.87686848640442,117.0
94.0417423248291,117.0
94.20662593841553,137.0
94.37118625640869,156.0
94.535968542099,156.0
94.7012984752655,156.0
94.86580395698547,177.0
95.03037714958191,177.0
95.19546866416931,177.0
95.36004209518433,177.0
95.5250608921051,177.0
95.6899139881134,177.0
95.85476756095886,187.0
96.01952266693115,228.0
96.18459606170654,237.0
96.34880900382996,225.0
96.5138258934021,225.0
96.67873334884644,225.0
96.84349060058594,204.0
97.00830101966858,194.0
97.17342638969421,178.0
97.33797335624695,178.0
97.5029239654541,185.0
97.66750907897949,162.0
97.83206510543823,171.0
97.99716424942017,171.0
98.16169309616089,171.0
98.32680034637451,171.0
98.49154019355774,171.0
98.6561987400055,179.0
98.8209125995636,179.0
98.98558688163757,179.0
99.15041971206665,179.0
99.31556510925293,179.0
99.48021006584167,179.0
99.64548254013062,171.0
99.81007242202759,162.0
99.9749710559845,148.0
100.13952422142029,131.0
100.30472135543823,113.0
100.46925354003906,105.0
100.63406252861023,87.0
100.79850554466248,70.0
100.96344566345215,61.0
101.12831926345825,52.0
101.2932996749878,43.0
101.45770359039307,43.0
101.62257742881775,52.0
101.78746271133423,43.0
101.95216464996338,43.0
102.11733651161194,43.0
102.28172087669373,52.0
102.4466814994812,52.0
102.61139917373657,52.0
102.77613925933838,61.0
102.94133639335632,52.0
103.10585713386536,52.0
103.27083444595337,61.0
103.43547677993774,61.0
103.6003406047821,52.0
103.76527333259583,52.0
103.92992544174194,89.0
104.09494209289551,80.0
104.25951194763184,80.0
104.42451906204224,109.0
104.58937335014343,100.0
104.75436663627625,109.0
104.91896724700928,126.0
105.08382153511047,126.0
105.2482213973999,98.0
105.41321468353271,98.0
105.57843565940857,116.0
105.74288988113403,125.0
105.90806221961975,134.0
106.07251477241516,143.0
106.2375864982605,134.0
106.40218305587769,153.0
106.56700825691223,162.0
106.73174786567688,162.0
106.89645314216614,169.0
107.06151604652405,130.0
107.22640991210938,121.0
107.39126110076904,123.0
107.55597877502441,114.0
107.72053694725037,95.0
107.88525390625,99.0
108.05051732063293,108.0
108.21482014656067,92.0
108.38013577461243,110.0
108.54465961456299,127.0
108.70971083641052,126.0
108.87434983253479,135.0
109.0390830039978,153.0
109.20399355888367,148.0
109.36865615844727,157.0
109.5336697101593,160.0
109.69828796386719,151.0
109.86344814300537,151.0
110.02783584594727,151.0
110.19313049316406,160.0
110.35756134986877,151.0
110.52234220504761,142.0
110.68723011016846,134.0
110.85189366340637,140.0
111.01709270477295,140.0
111.18150424957275,131.0
111.34661960601807,113.0
111.51112222671509,105.0
111.67619204521179,113.0
111.840740442276,113.0
112.00574469566345,113.0
112.17040395736694,113.0
112.33523464202881,113.0
112.50006914138794,142.0
112.66490125656128,160.0
112.82987380027771,188.0
112.99426889419556,207.0
113.15954375267029,235.0
113.32398009300232,227.0
113.48907351493835,251.0
113.65362310409546,242.0
113.81851840019226,205.0
113.98346328735352,223.0
114.14794111251831,227.0
114.31294560432434,191.0
114.47778987884521,193.0
114.64251971244812,238.0
114.80722761154175,235.0
114.97209334373474,235.0
115.13703775405884,235.0
115.30162453651428,237.0
115.46661496162415,227.0
115.63124465942383,265.0
115.79637432098389,225.0
115.96091628074646,180.0
116.12594842910767,141.0
116.29062938690186,141.0
116.45543646812439,179.0
116.62015414237976,141.0
116.78512907028198,149.0
116.94979166984558,150.0
117.11455154418945,190.0
117.27958869934082,190.0
117.44418287277222,228.0
117.60916113853455,228.0
117.77376508712769,190.0
117.93867373466492,199.0
118.10352635383606,161.0
118.26833081245422,159.0
118.43279838562012,119.0
118.59805107116699,119.0
118.76265144348145,159.0
118.92732572555542,161.0
119.09190607070923,161.0
119.25720429420471,161.0
119.42169761657715,197.0
119.5868592262268,235.0
119.75146079063416,265.0
119.91621804237366,303.0
120.08097290992737,303.0
120.24589133262634,303.0
120.41052436828613,334.0
120.57549095153809,334.0
120.74065208435059,335.0
120.90515518188477,333.0
121.07019925117493,330.0
121.23483920097351,331.0
121.3994402885437,332.0
121.56432747840881,332.0
121.729248046875,324.0
121.89397931098938,305.0
122.05889081954956,297.0
122.2236716747284,295.0
122.38867545127869,297.0
122.55316185951233,264.0
122.71806621551514,225.0
122.88277196884155,194.0
123.04753088951111,163.0
123.21250581741333,145.0
123.37718868255615,122.0
123.54176139831543,84.0
123.70656061172485,43.0
123.87125730514526,84.0
124.03615760803223,84.0
124.20112180709839,75.0
124.36571097373962,75.0
124.53052401542664,75.0
124.6958167552948,113.0
124.86038708686829,113.0
125.02553915977478,151.0
125.19001150131226,149.0
125.35481524467468,149.0
125.5197057723999,188.0
125.68439292907715,188.0
125.84928488731384,188.0
126.01411724090576,188.0
126.17918300628662,230.0
126.34360980987549,220.0
126.50859427452087,190.0
126.67337441444397,230.0
126.83832550048828,200.0
127.00292468070984,200.0
127.16774129867554,200.0
127.33239722251892,171.0
127.4975733757019,150.0
127.66214442253113,130.0
127.826913356781,121.0
127.99157929420471,81.0
128.15619206428528,81.0
128.32137775421143,81.0
128.48576974868774,81.0
128.65081810951233,73.0
128.81561970710754,52.0
128.98048734664917,52.0
129.14501881599426,94.0
129.31000924110413,94.0
129.475004196167,124.0
129.63997268676758,163.0
129.8045630455017,163.0
129.9695417881012,163.0
130.13415122032166,180.0
130.29867720603943,171.0
130.46390438079834,171.0
130.62850427627563,166.0
130.79347372055054,205.0
130.9583625793457,207.0
131.12295794487,186.0
131.28773713111877,186.0
131.45236802101135,195.0
131.61754727363586,195.0
131.78228521347046,212.0
131.94678902626038,212.0
132.11190056800842,212.0
132.27664303779602,251.0
132.4411928653717,292.0
132.60629320144653,292.0
132.77123498916626,292.0
132.9359107017517,291.0
133.1007945537567,295.0
133.2657072544098,321.0
133.4302864074707,321.0
133.5951600074768,303.0
133.75999689102173,247.0
133.92460894584656,206.0
134.08979511260986,168.0
134.25442385673523,130.0
134.41901469230652,87.0
134.58365774154663,43.0
134.74856209754944,35.0
134.91333055496216,35.0
135.07832074165344,72.0
135.24289393424988,72.0
135.4077627658844,72.0
135.57247853279114,81.0
135.73747491836548,81.0
135.90242266654968,120.0
136.06721782684326,120.0
136.23201179504395,147.0
136.39705896377563,149.0
136.56157112121582,149.0
136.72634601593018,149.0
136.89122772216797,140.0
137.05587911605835,182.0
137.22107076644897,151.0
137.3855266571045,182.0
137.55027198791504,195.0
137.71516346931458,155.0
137.880113363266,155.0
138.04508924484253,155.0
138.2096722126007,155.0
138.3744900226593,114.0
138.53935766220093,105.0
138.70386409759521,74.0
138.86854553222656,74.0
139.03347611427307,74.0
139.1983036994934,74.0
139.3631031513214,74.0
139.52808046340942,74.0
139.69274044036865,91.0
139.85743284225464,91.0
140.02264547348022,100.0
140.18735790252686,70.0
140.35188150405884,80.0
140.5165934562683,98.0
140.6814887523651,98.0
140.84645676612854,98.0
141.01120829582214,89.0
141.17614817619324,106.0
141.34099793434143,115.0
141.50583362579346,106.0
141.67082953453064,113.0
141.83538126945496,114.0
142.00033807754517,133.0
142.16501927375793,133.0
142.32972240447998,144.0
142.49465084075928,147.0
142.6595151424408,150.0
142.8242301940918,171.0
142.9890627861023,174.0
143.15416312217712,179.0
143.31862211227417,177.0
143.4836390018463,197.0
143.64822793006897,199.0
143.81302905082703,179.0
143.9781665802002,158.0
144.14264130592346,155.0
144.3076343536377,133.0
144.4722764492035,111.0
144.63722324371338,102.0
144.80193281173706,102.0
144.96635961532593,90.0
145.1315095424652,90.0
145.2961025238037,90.0
145.46112060546875,112.0
145.62602639198303,121.0
145.79072856903076,160.0
145.9555904865265,151.0
146.12023830413818,131.0
146.28543424606323,122.0
146.44993257522583,140.0
146.61494612693787,148.0
146.77965235710144,109.0
146.94449424743652,100.0
147.1089231967926,70.0
147.2739541530609,109.0
147.43896341323853,148.0
147.60345363616943,188.0
147.76846480369568,170.0
147.93319654464722,170.0
148.09832048416138,179.0
148.26275324821472,188.0
148.42770910263062,188.0
148.59249591827393,148.0
148.7572376728058,126.0
148.92205619812012,96.0
149.08655738830566,117.0
149.2516896724701,117.0
149.41657543182373,108.0
149.58128261566162,108.0
149.74606561660767,137.0
149.9108488559723,166.0
150.07581901550293,202.0
