0.12847423553466797,382.0
0.29325056076049805,428.0
0.4579737186431885,471.0
0.6227691173553467,512.0
0.7877085208892822,516.0
0.9524540901184082,563.0
1.1172339916229248,564.0
1.2820208072662354,518.0
1.4472284317016602,562.0
1.6119086742401123,519.0
1.7769827842712402,474.0
1.9416658878326416,414.0
2.10646653175354,416.0
2.271383285522461,417.0
2.435900926589966,375.0
2.6010608673095703,379.0
2.765636920928955,335.0
2.9304473400115967,337.0
3.0953497886657715,338.0
3.2601265907287598,354.0
3.4249398708343506,396.0
3.5898799896240234,394.0
3.7544870376586914,394.0
3.9193737506866455,394.0
4.084177017211914,396.0
4.248754024505615,396.0
4.413859844207764,394.0
4.578374624252319,377.0
4.7432780265808105,333.0
4.908174753189087,290.0
5.072739839553833,290.0
5.237547874450684,283.0
5.402646541595459,283.0
5.567270278930664,327.0
5.732045888900757,372.0
5.896923303604126,434.0
6.061716079711914,481.0
6.22655725479126,523.0
6.391076564788818,524.0
6.556095361709595,529.0
6.720949172973633,529.0
6.885608434677124,529.0
7.0503880977630615,485.0
7.21532416343689,439.0
7.379945278167725,395.0
7.544950485229492,395.0
7.70968222618103,435.0
7.87431263923645,478.0
8.039483547210693,521.0
8.204045295715332,460.0
8.368896961212158,435.0
8.533986330032349,422.0
8.69838833808899,405.0
8.863370180130005,345.0
9.028205156326294,286.0
9.192877292633057,285.0
9.35787057876587,286.0
9.522594690322876,345.0
9.68730640411377,414.0
9.852247953414917,471.0
10.01693844795227,531.0
10.181759119033813,590.0
10.346586227416992,603.0
10.511218786239624,557.0
10.676130533218384,512.0
10.840980052947998,512.0
11.005752563476562,468.0
11.17060899734497,424.0
11.335255146026611,364.0
11.500092506408691,366.0
11.664816617965698,415.0
11.829814195632935,462.0
11.99452519416809,508.0
12.159417152404785,507.0
12.324070453643799,510.0
12.488860607147217,511.0
12.65369176864624,508.0
12.818379640579224,506.0
12.983362913131714,445.0
13.148000001907349,386.0
13.312872886657715,325.0
13.47764778137207,326.0
13.642501831054688,326.0
13.807224988937378,367.0
13.972184658050537,411.0
14.136831045150757,472.0
14.301806688308716,473.0
14.466626644134521,535.0
14.631251573562622,551.0
14.796045541763306,567.0
14.96067762374878,522.0
15.125563859939575,477.0
15.290643692016602,434.0
15.455222845077515,390.0
15.619969129562378,391.0
15.784944534301758,388.0
15.94970154762268,387.0
16.114469051361084,432.0
16.27933382987976,477.0
16.44416379928589,479.0
16.609001636505127,479.0
16.773541688919067,481.0
16.93852210044861,439.0
17.103410482406616,397.0
17.268035173416138,398.0
17.432598114013672,401.0
17.597757577896118,401.0
17.76235795021057,404.0
17.927368879318237,446.0
18.092077255249023,448.0
18.25692105293274,446.0
18.421838998794556,488.0
18.586480140686035,489.0
18.75122046470642,532.0
18.916215896606445,527.0
19.080806493759155,524.0
19.245795249938965,480.0
19.410510540008545,478.0
19.57530188560486,480.0
19.740110158920288,480.0
19.904898643493652,480.0
20.069655656814575,439.0
20.23467993736267,395.0
20.399328231811523,394.0
20.56404399871826,398.0
20.728992700576782,381.0
20.893637895584106,379.0
21.05851411819458,334.0
21.223394632339478,329.0
21.388033628463745,323.0
21.553109169006348,326.0
21.717610597610474,328.0
21.882471084594727,322.0
22.047266960144043,314.0
22.212159633636475,310.0
22.376749992370605,314.0
22.54194164276123,316.0
22.706522464752197,317.0
22.87121057510376,315.0
23.036147117614746,269.0
23.20086359977722,315.0
23.365880250930786,339.0
23.530637741088867,341.0
23.695218563079834,386.0
23.86013889312744,434.0
24.024927854537964,483.0
24.189552545547485,530.0
24.354692935943604,529.0
24.519264698028564,483.0
24.684163808822632,526.0
24.84892964363098,571.0
25.013699293136597,566.0
25.178456783294678,520.0
25.343379259109497,476.0
25.50802969932556,474.0
25.672954082489014,521.0
25.837758541107178,525.0
26.003976345062256,484.0
26.16725206375122,443.0
26.33203935623169,443.0
26.496620893478394,483.0
26.66168761253357,523.0
26.82613492012024,523.0
26.991230487823486,523.0
27.15601110458374,481.0
27.320836544036865,522.0
27.485865116119385,523.0
27.65048122406006,521.0
27.8152973651886,521.0
27.98019814491272,483.0
28.144878149032593,442.0
28.309733867645264,399.0
28.47454833984375,398.0
28.639262914657593,355.0
28.804038763046265,355.0
28.96900248527527,355.0
29.133697509765625,355.0
29.29843831062317,352.0
29.463247299194336,350.0
29.628088235855103,351.0
29.7928364276886,350.0
29.9576575756073,394.0
30.122455835342407,434.0
30.287367582321167,435.0
30.45205521583557,394.0
30.616840839385986,392.0
30.781838178634644,389.0
30.946465730667114,388.0
31.111407995224,388.0
31.275981187820435,389.0
31.440768718719482,346.0
31.60578489303589,345.0
31.770259618759155,343.0
31.935149669647217,347.0
32.10007905960083,350.0
32.26477885246277,348.0
32.429643869400024,349.0
32.59451484680176,305.0
32.75906991958618,305.0
32.924094676971436,305.0
33.08887434005737,350.0
33.25366759300232,392.0
33.41856050491333,394.0
33.583274841308594,395.0
33.74795484542847,396.0
33.912935733795166,367.0
34.0776641368866,366.0
34.24241495132446,367.0
34.40728211402893,324.0
34.57202434539795,280.0
34.7368586063385,290.0
34.901623010635376,296.0
35.066370725631714,314.0
35.23135280609131,363.0
35.39592719078064,377.0
35.56078886985779,393.0
35.725682497024536,433.0
35.89043593406677,442.0
36.05533838272095,442.0
36.220147371292114,479.0
36.38474106788635,501.0
36.5497772693634,523.0
36.71429896354675,551.0
36.87915349006653,544.0
37.044106245040894,509.0
37.20883369445801,509.0
37.37366986274719,505.0
37.53845429420471,503.0
37.70332741737366,503.0
37.86805510520935,505.0
38.03272867202759,471.0
38.19767165184021,468.0
38.362539768218994,464.0
38.5272171497345,500.0
38.69198179244995,534.0
38.85690975189209,498.0
39.02164626121521,460.0
39.186394929885864,459.0
39.3512818813324,456.0
39.51598334312439,501.0
39.68079876899719,540.0
39.845797300338745,538.0
40.010414361953735,539.0
40.17534947395325,582.0
40.339722871780396,576.0
40.50473666191101,576.0
40.66956877708435,531.0
40.83436989784241,569.0
40.99921202659607,562.0
41.16397547721863,562.0
41.32871651649475,562.0
41.493629693984985,561.0
41.6584095954895,557.0
41.823042154312134,603.0
41.98793125152588,649.0
42.152631521224976,648.0
42.31751894950867,648.0
42.4824481010437,645.0
42.64715361595154,642.0
42.81195545196533,642.0
42.976686239242554,642.0
43.141316413879395,642.0
43.306395053863525,642.0
43.47125697135925,641.0
43.63602662086487,639.0
43.80082440376282,638.0
43.96550178527832,640.0
44.13010096549988,646.0
44.295185565948486,646.0
44.4598708152771,654.0
44.62566804885864,657.0
44.78984498977661,655.0
44.95443844795227,659.0
45.11896991729736,661.0
45.284130573272705,661.0
45.44865274429321,662.0
45.61379885673523,660.0
45.77834725379944,658.0
45.94319438934326,653.0
46.10803771018982,650.0
46.27272081375122,653.0
46.43761658668518,650.0
46.602492570877075,648.0
46.7670624256134,612.0
46.93197202682495,576.0
47.09684157371521,536.0
47.261643171310425,536.0
47.42635488510132,536.0
47.59115266799927,533.0
47.75590181350708,495.0
47.92083430290222,495.0
48.08555507659912,534.0
48.250293254852295,534.0
48.41520953178406,533.0
48.579893827438354,534.0
48.74480104446411,534.0
48.909719944000244,536.0
49.074275732040405,535.0
49.23938798904419,537.0
49.403971433639526,497.0
49.56866192817688,497.0
49.73383164405823,534.0
49.898457527160645,534.0
50.063255310058594,534.0
50.22783613204956,533.0
50.3927948474884,533.0
50.55767345428467,535.0
50.72252416610718,496.0
50.88704991340637,497.0
51.05214977264404,497.0
51.21666240692139,460.0
51.381757497787476,461.0
51.546284198760986,462.0
51.71090888977051,462.0
51.87585639953613,462.0
52.0409209728241,462.0
52.205551624298096,423.0
52.370532751083374,461.0
52.53535318374634,499.0
52.699580907821655,537.0
52.86491823196411,537.0
53.02952003479004,536.0
53.19447088241577,535.0
53.35934543609619,546.0
53.523934841156006,507.0
53.688780307769775,508.0
53.85357999801636,468.0
54.01821255683899,468.0
54.18332362174988,468.0
54.34797477722168,472.0
54.512481451034546,472.0
54.67773151397705,472.0
54.842426776885986,475.0
55.00715613365173,475.0
55.172112703323364,475.0
55.33660888671875,464.0
55.501585245132446,464.0
55.66638731956482,503.0
55.83114719390869,540.0
55.99609303474426,541.0
56.1607985496521,536.0
56.325562715530396,534.0
56.490538597106934,533.0
56.65513777732849,532.0
56.82001996040344,493.0
56.984782457351685,491.0
57.14956092834473,454.0
57.31441950798035,497.0
57.47933340072632,459.0
57.64403009414673,422.0
57.80889916419983,423.0
57.973610639572144,461.0
58.13831329345703,498.0
58.303356885910034,501.0
58.4679696559906,539.0
58.63285183906555,535.0
58.797712087631226,533.0
58.962279319763184,572.0
59.12711191177368,573.0
59.292032957077026,576.0
59.45662474632263,580.0
59.62168598175049,578.0
59.786274671554565,577.0
59.951231241226196,579.0
60.116124391555786,620.0
60.280640840530396,619.0
60.44551753997803,656.0
60.610434770584106,657.0
60.77507472038269,597.0
60.939857006073,543.0
61.10497856140137,540.0
61.26950240135193,538.0
61.43439745903015,536.0
61.599013328552246,498.0
61.763819217681885,502.0
61.92885065078735,461.0
62.09345531463623,518.0
62.25823187828064,575.0
62.42324447631836,580.0
62.5878791809082,579.0
62.75275111198425,580.0
62.917428731918335,619.0
63.08227014541626,619.0
63.24710273742676,616.0
63.41173195838928,654.0
63.576576948165894,655.0
63.74150824546814,655.0
63.906266927719116,659.0
64.07104635238647,664.0
64.23587322235107,667.0
64.40061354637146,667.0
64.56563138961792,666.0
64.73033618927002,666.0
64.89491581916809,667.0
65.06005454063416,667.0
65.22455048561096,667.0
65.38937282562256,665.0
65.55415868759155,659.0
65.71907758712769,659.0
65.88398122787476,654.0
66.04884886741638,649.0
66.21351313591003,650.0
66.3782422542572,650.0
66.5429425239563,648.0
66.70787763595581,648.0
66.87278008460999,647.0
67.0376968383789,647.0
67.20233416557312,649.0
67.36731028556824,652.0
67.53192710876465,656.0
67.69672918319702,658.0
67.86173295974731,657.0
68.02637243270874,656.0
68.19118857383728,656.0
68.35609793663025,655.0
68.52083611488342,657.0
68.6856918334961,656.0
68.85017204284668,655.0
69.01515054702759,653.0
69.17999076843262,653.0
69.34462785720825,653.0
69.50960063934326,653.0
69.6742615699768,651.0
69.8390281200409,647.0
70.00393104553223,609.0
70.16888570785522,568.0
70.33355712890625,530.0
70.4984245300293,493.0
70.663006067276,494.0
70.82788109779358,495.0
70.99279403686523,497.0
71.15755033493042,499.0
71.32237124443054,538.0
71.48691439628601,575.0
71.65153121948242,575.0
71.81676864624023,575.0
71.9817123413086,613.0
72.1463234424591,652.0
72.31125211715698,651.0
72.47594118118286,648.0
72.64079117774963,647.0
72.80575919151306,646.0
72.9704155921936,643.0
73.13524389266968,642.0
73.29995083808899,642.0
73.46483492851257,640.0
73.62963891029358,642.0
73.79460334777832,606.0
73.95909714698792,607.0
74.12397456169128,570.0
74.288818359375,532.0
74.4532699584961,533.0
74.61851239204407,533.0
74.7830719947815,532.0
74.94797277450562,534.0
75.11287999153137,534.0
75.27758836746216,572.0
75.44234490394592,571.0
75.60726857185364,610.0
75.77178716659546,648.0
75.93688797950745,611.0
76.1015853881836,574.0
76.26630187034607,573.0
76.43133115768433,572.0
76.59581971168518,572.0
76.76081323623657,572.0
76.92571663856506,568.0
77.09024405479431,568.0
77.25526356697083,606.0
77.42014908790588,645.0
77.58435606956482,645.0
77.74965310096741,645.0
77.91441774368286,649.0
78.07919549942017,648.0
78.24406623840332,648.0
78.40881085395813,650.0
78.57373809814453,650.0
78.73838138580322,649.0
78.90318274497986,647.0
79.06788992881775,646.0
79.23296666145325,641.0
79.39759707450867,640.0
79.56225252151489,640.0
79.72681784629822,640.0
79.89207935333252,640.0
80.05699038505554,644.0
80.22162866592407,645.0
80.38607382774353,645.0
80.55127835273743,645.0
80.71587800979614,652.0
80.88052272796631,653.0
81.04567098617554,653.0
81.21021723747253,653.0
81.37526297569275,654.0
81.53984928131104,656.0
81.70454573631287,653.0
81.86974239349365,652.0
82.03425860404968,653.0
82.19921350479126,647.0
82.36413836479187,646.0
82.52869153022766,649.0
82.69358420372009,649.0
82.85847425460815,610.0
83.02321195602417,608.0
83.18799042701721,570.0
83.35272359848022,531.0
83.51761293411255,532.0
83.68238735198975,533.0
83.84718656539917,530.0
84.01196217536926,530.0
84.17688322067261,530.0
84.34164071083069,531.0
84.50651478767395,569.0
84.67114973068237,607.0
84.83591485023499,606.0
85.00087308883667,604.0
85.16571426391602,606.0
85.33031892776489,606.0
85.49521780014038,643.0
85.65998435020447,642.0
85.82473826408386,641.0
85.9896764755249,642.0
86.1543505191803,640.0
86.31929159164429,639.0
86.48413848876953,638.0
86.64866471290588,640.0
86.8135154247284,640.0
86.97838854789734,639.0
87.14307427406311,603.0
87.30799078941345,602.0
87.47257328033447,603.0
87.63757658004761,602.0
87.80247497558594,601.0
87.96703290939331,599.0
88.13195323944092,561.0
88.29679679870605,561.0
88.46230721473694,597.0
88.6264111995697,560.0
88.79109120368958,560.0
88.95589280128479,561.0
89.1208963394165,526.0
89.28538179397583,489.0
89.45023202896118,490.0
89.61517190933228,455.0
89.77978587150574,460.0
89.94463920593262,498.0
90.10944843292236,498.0
90.27419066429138,498.0
90.43909120559692,498.0
90.60403370857239,535.0
90.76849460601807,572.0
90.93379044532776,610.0
91.09831285476685,649.0
91.26316738128662,648.0
91.42805218696594,609.0
91.59262299537659,571.0
91.75758528709412,533.0
91.92246389389038,495.0
92.08715271949768,495.0
92.25209879875183,457.0
92.41664099693298,452.0
92.58141660690308,449.0
92.74642443656921,486.0
92.91106986999512,524.0
93.07588529586792,560.0
93.24077653884888,599.0
93.40544605255127,600.0
93.57020401954651,638.0
93.73517513275146,639.0
93.89989018440247,641.0
94.06438302993774,641.0
94.22960138320923,641.0
94.3943989276886,639.0
94.55922245979309,640.0
94.72379684448242,639.0
94.8887357711792,639.0
95.05361676216125,637.0
95.21833634376526,638.0
95.38299870491028,600.0
95.54794597625732,563.0
95.71274280548096,526.0
95.87773442268372,526.0
96.04234719276428,525.0
96.20700311660767,525.0
96.37213253974915,526.0
96.5366563796997,526.0
96.70146822929382,565.0
96.86640954017639,604.0
97.03099060058594,641.0
97.19584584236145,643.0
97.36088109016418,605.0
97.5254762172699,606.0
97.69027137756348,606.0
97.85509729385376,605.0
98.01978802680969,605.0
98.18479084968567,605.0
98.34955787658691,607.0
98.51425170898438,569.0
98.67921090126038,570.0
98.84398031234741,569.0
99.0087902545929,531.0
99.17374515533447,531.0
99.33843111991882,531.0
99.50315642356873,493.0
99.66793131828308,454.0
99.83269166946411,491.0
99.99759221076965,528.0
100.1623113155365,527.0
100.32712531089783,526.0
100.49201583862305,489.0
100.65669870376587,490.0
100.82158517837524,528.0
100.98643493652344,566.0
101.1511640548706,566.0
101.3160331249237,567.0
101.4807198047638,568.0
101.64565014839172,607.0
101.81032705307007,644.0
101.97509980201721,643.0
102.13991475105286,604.0
102.30481624603271,606.0
102.46937251091003,570.0
102.63413882255554,570.0
102.79919838905334,570.0
102.9638729095459,543.0
103.12896013259888,504.0
103.29365396499634,506.0
103.45836353302002,507.0
103.62412762641907,509.0
103.78784251213074,549.0
103.95281171798706,547.0
104.11771655082703,585.0
104.28225183486938,613.0
104.44727826118469,606.0
104.61200428009033,606.0
104.7767128944397,606.0
104.94175505638123,606.0
105.1063437461853,604.0
105.27110719680786,561.0
105.43605422973633,516.0
105.6006178855896,516.0
105.76557397842407,523.0
105.93044447898865,464.0
106.09507322311401,404.0
106.25993514060974,404.0
106.4248628616333,406.0
106.58963108062744,412.0
106.75432252883911,455.0
106.91910648345947,456.0
107.0839171409607,496.0
107.24882817268372,553.0
107.41353726387024,614.0
107.57826089859009,613.0
107.74306011199951,571.0
107.90786695480347,611.0
108.07266926765442,612.0
108.23780155181885,609.0
108.40238666534424,608.0
108.56704711914062,569.0
108.73196053504944,567.0
108.89673042297363,528.0
109.06173539161682,568.0
109.22626638412476,527.0
109.39086270332336,489.0
109.55606341362,489.0
109.72069787979126,452.0
109.88568878173828,452.0
110.05040144920349,494.0
110.21505618095398,495.0
110.37997269630432,533.0
110.54464912414551,534.0
110.7094030380249,572.0
110.8743622303009,571.0
111.03918242454529,609.0
111.20396900177002,609.0
111.3688588142395,608.0
111.53355383872986,607.0
111.6983699798584,608.0
111.86326599121094,608.0
112.02784013748169,608.0
112.19282269477844,647.0
112.3574571609497,648.0
112.52230072021484,607.0
112.68715500831604,605.0
112.85182046890259,604.0
113.01672005653381,604.0
113.1817741394043,604.0
113.34622240066528,603.0
113.51118850708008,601.0
113.67590880393982,601.0
113.84070110321045,641.0
114.00562763214111,642.0
114.17028665542603,643.0
114.33521842956543,642.0
114.50007319450378,642.0
114.66477227210999,642.0
114.82962775230408,644.0
114.99450349807739,644.0
115.15916681289673,643.0
115.3240876197815,644.0
115.48884916305542,605.0
115.65357041358948,566.0
115.818430185318,526.0
115.9831166267395,527.0
116.14791822433472,485.0
116.31276631355286,447.0
116.4776554107666,407.0
116.64233803749084,367.0
116.80718064308167,368.0
116.97182750701904,368.0
117.13669276237488,408.0
117.3013014793396,411.0
117.46628665924072,411.0
117.6311047077179,453.0
117.79577565193176,453.0
117.96068167686462,450.0
118.12562656402588,493.0
118.29038548469543,533.0
118.45481467247009,571.0
118.62002420425415,571.0
118.78428554534912,611.0
118.94966673851013,611.0
119.11435747146606,615.0
119.27915048599243,612.0
119.44383931159973,609.0
119.60866594314575,609.0
119.77364802360535,650.0
119.93848896026611,647.0
120.10316872596741,647.0
120.26763415336609,648.0
120.43273591995239,648.0
120.59721660614014,650.0
120.76233839988708,650.0
120.92722225189209,646.0
121.09188723564148,648.0
121.25677299499512,650.0
121.42167806625366,651.0
121.58632612228394,652.0
121.75120306015015,651.0
121.91576623916626,654.0
122.08063793182373,654.0
122.24575066566467,653.0
122.41034078598022,654.0
122.57512855529785,613.0
122.7401168346405,572.0
122.90481209754944,573.0
123.06947636604309,573.0
123.23437809944153,573.0
123.39916133880615,570.0
123.56392765045166,569.0
123.7286217212677,573.0
123.89364457130432,615.0
124.05852437019348,656.0
124.22312188148499,655.0
124.38804364204407,656.0
124.5528302192688,659.0
124.71739912033081,659.0
124.8824553489685,659.0
125.04698944091797,654.0
125.21161556243896,611.0
125.37679386138916,611.0
125.5412232875824,610.0
125.70611906051636,610.0
125.87117457389832,610.0
126.03575611114502,608.0
126.2007474899292,605.0
126.36573624610901,605.0
126.53029084205627,605.0
126.69480443000793,603.0
126.85984325408936,603.0
127.02469420433044,606.0
127.18961715698242,645.0
127.35438394546509,645.0
127.51911950111389,646.0
127.68393969535828,646.0
127.84867238998413,645.0
128.0136022567749,645.0
128.17831921577454,646.0
128.34314918518066,604.0
128.50798654556274,606.0
128.67266535758972,607.0
128.83747625350952,608.0
129.0023491382599,608.0
129.16690683364868,568.0
129.33175539970398,528.0
129.49679923057556,487.0
129.66140174865723,482.0
129.82634663581848,482.0
129.99113059043884,483.0
130.15571665763855,483.0
130.32068300247192,485.0
130.48555707931519,525.0
130.65033149719238,568.0
130.81528210639954,608.0
130.9799132347107,612.0
131.14469075202942,571.0
131.30956029891968,571.0
131.47440218925476,525.0
131.63905835151672,526.0
131.80388975143433,486.0
131.96863675117493,444.0
132.1335310935974,443.0
132.29835486412048,482.0
132.46310877799988,523.0
132.62805128097534,522.0
132.7926025390625,567.0
132.95747065544128,566.0
133.1223349571228,605.0
133.28718829154968,602.0
133.4520719051361,606.0
133.6167333126068,566.0
133.78149104118347,524.0
