0.00682830810546875,61.0
0.17147231101989746,61.0
0.3363640308380127,60.0
0.5011157989501953,58.0
0.6659278869628906,59.0
0.8306825160980225,58.0
0.995415210723877,56.0
1.1603429317474365,59.0
1.325089454650879,59.0
1.489804983139038,59.0
1.6547048091888428,58.0
1.8194184303283691,60.0
1.9841334819793701,58.0
2.1490235328674316,60.0
2.3137471675872803,58.0
2.4786460399627686,55.0
2.643486976623535,53.0
2.8082003593444824,50.0
2.9729297161102295,57.0
3.137840986251831,56.0
3.3025949001312256,57.0
3.46746826171875,62.0
3.6321725845336914,66.0
3.7970588207244873,67.0
3.9617862701416016,72.0
4.126549482345581,75.0
4.2913219928741455,71.0
4.4562389850616455,72.0
4.620915412902832,71.0
4.785790920257568,65.0
4.950570344924927,63.0
5.115801095962524,64.0
5.280555963516235,63.0
5.445272207260132,63.0
5.610147714614868,62.0
5.77492880821228,62.0
5.939759016036987,62.0
6.10452938079834,64.0
6.269285202026367,63.0
6.4339611530303955,64.0
6.598968029022217,70.0
6.763672590255737,69.0
6.928529977798462,66.0
7.093287229537964,65.0
7.258063793182373,67.0
7.422853231430054,65.0
7.587714195251465,68.0
7.752446413040161,67.0
7.917235612869263,62.0
8.08202314376831,63.0
8.24684190750122,64.0
8.411541938781738,65.0
8.576458215713501,64.0
8.741188526153564,64.0
8.906041622161865,81.0
9.070793867111206,81.0
9.235597848892212,80.0
9.400370836257935,79.0
9.565126180648804,77.0
9.729846477508545,78.0
9.89466905593872,76.0
10.05967378616333,74.0
10.224360942840576,57.0
10.389301538467407,56.0
10.553919076919556,62.0
10.718807220458984,61.0
10.883448839187622,64.0
11.048394441604614,64.0
11.213176012039185,66.0
11.377963304519653,66.0
11.542694568634033,66.0
11.707591533660889,65.0
11.872161388397217,59.0
12.037152767181396,60.0
12.201939821243286,57.0
12.36679220199585,57.0
12.531379461288452,56.0
12.69613790512085,57.0
12.861132144927979,56.0
13.025840282440186,59.0
13.190845489501953,58.0
13.355437994003296,57.0
13.520205974578857,59.0
13.684929370880127,56.0
13.849925994873047,54.0
14.01441740989685,60.0
14.179648399353027,61.0
14.34406852722168,60.0
14.50905156135559,67.0
14.673727989196777,69.0
14.838694095611572,67.0
15.003490209579468,69.0
15.168159484863281,72.0
15.333081007003784,65.0
15.497812986373901,64.0
15.662535667419434,64.0
15.827392816543579,60.0
15.99235725402832,60.0
16.15692162513733,58.0
16.321885585784912,56.0
16.486475467681885,73.0
16.651427745819092,74.0
16.816161632537842,72.0
16.981026649475098,71.0
17.145590782165527,68.0
17.310757398605347,67.0
17.47532558441162,69.0
17.64020609855652,72.0
17.804980754852295,54.0
17.969767570495605,58.0
18.134679555892944,56.0
18.299229383468628,57.0
18.464112520217896,60.0
18.62880778312683,60.0
18.793760299682617,62.0
18.95835018157959,63.0
19.123368740081787,64.0
19.288124084472656,61.0
19.452897310256958,65.0
19.61756420135498,66.0
19.782561779022217,63.0
19.947261810302734,60.0
20.112189292907715,65.0
20.27678418159485,65.0
20.441598176956177,61.0
20.60659646987915,61.0
20.771170616149902,61.0
20.935914754867554,59.0
21.10076665878296,68.0
21.265767335891724,69.0
21.43030834197998,63.0
21.595335721969604,63.0
21.759970903396606,67.0
21.924842834472656,65.0
22.089760780334473,65.0
22.254400730133057,64.0
22.419411420822144,59.0
22.584022283554077,58.0
22.748974800109863,60.0
22.913606882095337,61.0
23.078498363494873,62.0
23.243098497390747,64.0
23.408100605010986,64.0
23.572736501693726,66.0
23.737558841705322,65.0
23.902507781982422,66.0
24.067105531692505,68.0
24.232123613357544,66.0
24.396759033203125,67.0
24.561768054962158,66.0
24.72623324394226,64.0
24.89112114906311,66.0
25.055944681167603,62.0
25.220746994018555,59.0
25.385664701461792,55.0
25.550297498703003,54.0
25.715248107910156,49.0
25.88002300262451,49.0
26.044750213623047,48.0
26.20946979522705,49.0
26.37446618080139,50.0
26.53908395767212,54.0
26.70391035079956,54.0
26.86889100074768,58.0
27.033597230911255,57.0
27.198548316955566,56.0
27.363147258758545,64.0
27.52788805961609,64.0
27.692588090896606,65.0
27.85747265815735,64.0
28.022249460220337,71.0
28.18730330467224,78.0
28.351975917816162,84.0
28.51673460006714,83.0
28.68141746520996,77.0
28.84635901451111,76.0
29.011168241500854,75.0
29.176050186157227,74.0
29.340704202651978,69.0
29.50562310218811,61.0
29.670158863067627,59.0
29.83523178100586,62.0
29.99988341331482,69.0
30.16461443901062,65.0
30.329521894454956,67.0
30.494181632995605,68.0
30.65908694267273,63.0
30.823760271072388,68.0
30.988788843154907,66.0
31.153398036956787,62.0
31.318392038345337,60.0
31.483004331588745,60.0
31.64788317680359,59.0
31.81252408027649,60.0
31.977417707443237,62.0
32.14210224151611,57.0
32.307188987731934,60.0
32.471763134002686,61.0
32.636669397354126,53.0
32.80134654045105,57.0
32.96632385253906,58.0
33.13108777999878,57.0
33.29597806930542,59.0
33.460612058639526,59.0
33.62542414665222,61.0
33.790218353271484,61.0
33.95508623123169,62.0
34.11974382400513,62.0
34.28453016281128,62.0
34.449339151382446,62.0
34.61404037475586,62.0
34.77916121482849,61.0
34.94359350204468,61.0
35.108729124069214,63.0
35.27334427833557,64.0
35.43823218345642,61.0
35.60295915603638,61.0
35.767648458480835,60.0
35.93272376060486,65.0
36.097270250320435,66.0
36.262205362319946,63.0
36.427008867263794,63.0
36.591737031936646,65.0
36.756428718566895,67.0
36.92143797874451,66.0
37.08614540100098,65.0
37.25115394592285,58.0
37.41564750671387,59.0
37.58050584793091,62.0
37.745328187942505,59.0
37.910229206085205,56.0
38.07496428489685,63.0
38.23969745635986,61.0
38.40450358390808,63.0
38.56937003135681,65.0
38.73400664329529,63.0
38.898988485336304,67.0
39.06367611885071,75.0
39.228535652160645,75.0
39.39324164390564,70.0
39.558095932006836,70.0
39.72300720214844,71.0
39.88773155212402,69.0
40.05253338813782,70.0
40.21747636795044,64.0
40.382110357284546,59.0
40.54697394371033,60.0
40.71164608001709,57.0
40.8765504360199,58.0
41.04143667221069,59.0
41.206098556518555,59.0
41.37099099159241,59.0
41.53555178642273,56.0
41.70055627822876,58.0
41.86516618728638,59.0
42.03009486198425,58.0
42.19497227668762,59.0
42.359843254089355,58.0
42.52442002296448,58.0
42.68936252593994,56.0
42.85407543182373,61.0
43.01909017562866,59.0
43.183589935302734,56.0
43.34856104850769,78.0
43.513293504714966,73.0
43.677881479263306,80.0
43.84284210205078,83.0
44.007726430892944,90.0
44.172361850738525,89.0
44.33726954460144,93.0
44.50232005119324,104.0
44.666959285736084,91.0
44.83150601387024,97.0
44.99653124809265,91.0
45.16119170188904,89.0
45.32607102394104,92.0
45.49125957489014,100.0
45.65575385093689,106.0
45.820682764053345,105.0
45.98551630973816,105.0
46.15019631385803,104.0
46.315136671066284,104.0
46.48000144958496,104.0
46.644333839416504,97.0
46.80926465988159,90.0
46.97383499145508,79.0
47.13881230354309,69.0
47.303571701049805,63.0
47.46838116645813,61.0
47.63314247131348,58.0
47.79813575744629,64.0
47.96294283866882,68.0
48.1275577545166,72.0
48.29239583015442,80.0
48.45724081993103,87.0
48.622093200683594,92.0
48.78670358657837,96.0
48.9519157409668,103.0
49.116135358810425,99.0
49.281254529953,95.0
49.445844888687134,90.0
49.610830545425415,85.0
49.77554726600647,78.0
49.94043803215027,74.0
50.10503697395325,69.0
50.269944190979004,61.0
50.43485617637634,61.0
50.599565744400024,59.0
50.76437425613403,59.0
50.9290554523468,58.0
51.09400296211243,58.0
51.25873947143555,59.0
51.42342162132263,62.0
51.58823871612549,66.0
51.75326585769653,62.0
51.917980909347534,63.0
52.082953453063965,63.0
52.24735713005066,66.0
52.412391901016235,69.0
52.57713580131531,68.0
52.74188828468323,65.0
52.90690279006958,60.0
53.071595430374146,64.0
53.236329317092896,64.0
53.401198387145996,63.0
53.56591773033142,61.0
53.73089790344238,64.0
53.895533323287964,72.0
54.0603506565094,71.0
54.225139141082764,73.0
54.38990592956543,74.0
54.55482578277588,73.0
54.71947908401489,74.0
54.88439202308655,74.0
55.04898810386658,66.0
55.21396851539612,56.0
55.378713607788086,57.0
55.54347515106201,59.0
55.708391189575195,57.0
55.87305474281311,59.0
56.03795790672302,58.0
56.20267701148987,59.0
56.36752915382385,58.0
56.53253531455994,60.0
56.69706988334656,61.0
56.86177206039429,61.0
57.02670431137085,59.0
57.19135308265686,57.0
57.3562216758728,59.0
57.520899534225464,58.0
57.686039209365845,63.0
57.85071611404419,63.0
58.01549029350281,63.0
58.18027639389038,64.0
58.345101833343506,68.0
58.50990629196167,71.0
58.67489814758301,70.0
58.83938431739807,72.0
59.004218101501465,72.0
59.1690616607666,73.0
59.333882570266724,78.0
59.49869966506958,84.0
59.66353154182434,88.0
59.82820534706116,91.0
59.99312210083008,90.0
60.15789723396301,89.0
60.322563886642456,89.0
60.48753476142883,89.0
60.65217590332031,85.0
60.81706881523132,79.0
60.982057094573975,79.0
61.146557569503784,75.0
61.31155204772949,75.0
61.476208209991455,76.0
61.64111018180847,76.0
61.8058705329895,77.0
61.97066593170166,81.0
