0.06730413436889648,46.0
0.23207449913024902,43.0
0.3967909812927246,43.0
0.5615696907043457,43.0
0.7263414859771729,47.0
0.8912913799285889,47.0
1.0559463500976562,43.0
1.220747947692871,57.0
1.3855535984039307,59.0
1.5503504276275635,59.0
1.7151479721069336,59.0
1.879939317703247,68.0
2.044884204864502,76.0
2.2096338272094727,84.0
2.3744564056396484,92.0
2.5392346382141113,93.0
2.704056978225708,90.0
2.8688926696777344,90.0
3.0336673259735107,90.0
3.198451519012451,90.0
3.363250970840454,92.0
3.528047800064087,92.0
3.692831039428711,88.0
3.857590675354004,74.0
4.022345066070557,74.0
4.187283992767334,74.0
4.352068185806274,83.0
4.51685643196106,86.0
4.681703567504883,84.0
4.846494674682617,81.0
5.011547565460205,81.0
5.17644476890564,81.0
5.341207265853882,84.0
5.506065607070923,84.0
5.670813083648682,76.0
5.835577487945557,73.0
6.0006372928619385,69.0
6.1651623249053955,78.0
6.330035448074341,85.0
6.495200872421265,100.0
6.659744739532471,113.0
6.824814558029175,127.0
6.989429950714111,145.0
7.154337406158447,145.0
7.3193199634552,152.0
7.483888626098633,150.0
7.6487696170806885,152.0
7.8136305809021,154.0
7.978156328201294,154.0
8.143183708190918,159.0
8.308082580566406,154.0
8.47272253036499,164.0
8.637629508972168,164.0
8.80228590965271,166.0
8.967086553573608,166.0
9.1320641040802,164.0
9.296677827835083,165.0
9.461497068405151,161.0
9.626310110092163,164.0
9.791003465652466,156.0
9.955995559692383,154.0
10.12098741531372,149.0
10.285444736480713,145.0
10.450332403182983,148.0
10.615004777908325,148.0
10.779820203781128,142.0
10.944868803024292,142.0
11.109413146972656,149.0
11.274261951446533,153.0
11.439183712005615,161.0
11.603816270828247,165.0
11.768718242645264,156.0
11.933566808700562,155.0
12.09814977645874,167.0
12.263215780258179,168.0
12.428184747695923,168.0
12.592720985412598,166.0
12.757664918899536,164.0
12.922290563583374,165.0
13.087210655212402,175.0
13.25206995010376,172.0
13.416702508926392,172.0
13.581504821777344,173.0
13.746417045593262,174.0
13.91111421585083,171.0
14.075986385345459,173.0
14.240921020507812,169.0
14.405438899993896,167.0
14.570266962051392,166.0
14.735119342803955,154.0
14.899942636489868,150.0
15.064868211746216,140.0
15.22941541671753,140.0
15.394407987594604,138.0
15.559166669845581,133.0
15.723780393600464,129.0
15.888629913330078,136.0
16.05362892150879,148.0
16.218324184417725,142.0
16.383342027664185,154.0
16.547926664352417,149.0
16.712852478027344,154.0
16.877725839614868,173.0
17.04229187965393,169.0
17.207191705703735,158.0
17.3721923828125,155.0
17.536627292633057,167.0
17.701491355895996,158.0
17.8663272857666,167.0
18.030935764312744,160.0
18.19601535797119,147.0
18.360748529434204,150.0
18.525471687316895,163.0
18.690510749816895,163.0
18.854973316192627,155.0
19.019878387451172,152.0
19.184892892837524,143.0
19.349385499954224,147.0
19.514277458190918,151.0
19.67926859855652,168.0
19.843937873840332,161.0
20.008920669555664,159.0
20.173516750335693,164.0
20.338323831558228,168.0
20.503310680389404,168.0
20.66782522201538,171.0
20.832664251327515,161.0
20.997709274291992,142.0
21.16236972808838,142.0
21.32711410522461,140.0
21.49319314956665,143.0
21.656659603118896,148.0
21.82171320915222,151.0
21.98630976676941,145.0
22.151187658309937,153.0
22.316086053848267,161.0
22.480586528778076,159.0
22.645429134368896,164.0
22.810473442077637,160.0
22.975078105926514,152.0
23.139935970306396,149.0
23.304819345474243,144.0
23.469417572021484,147.0
23.634496450424194,137.0
23.7990403175354,133.0
23.96397042274475,124.0
24.128859519958496,116.0
24.29341220855713,116.0
24.458354711532593,116.0
24.623345851898193,120.0
24.787928342819214,109.0
24.952856302261353,109.0
25.117727994918823,117.0
25.28229022026062,120.0
25.447265625,131.0
25.611832857131958,131.0
25.77668786048889,138.0
25.941648483276367,134.0
26.106218576431274,135.0
26.270938396453857,141.0
26.436100482940674,132.0
26.600554943084717,129.0
26.76552176475525,118.0
26.93025040626526,130.0
27.095045804977417,124.0
27.260029554367065,124.0
27.42474055290222,133.0
27.589450120925903,134.0
27.754430055618286,144.0
27.919086933135986,151.0
28.08385157585144,160.0
28.2489230632782,155.0
28.413495779037476,161.0
28.578473329544067,164.0
28.743197679519653,165.0
28.90781545639038,162.0
29.072924852371216,161.0
29.237424612045288,165.0
29.402297496795654,161.0
29.567203521728516,164.0
29.731878757476807,162.0
29.896816730499268,170.0
30.06169056892395,170.0
30.226385593414307,176.0
30.391249656677246,167.0
30.555885553359985,157.0
30.720770597457886,152.0
30.88583469390869,149.0
31.050424098968506,153.0
31.215039491653442,144.0
31.38029408454895,144.0
31.544635772705078,138.0
31.709640502929688,147.0
31.874487161636353,146.0
32.03922200202942,146.0
32.204046964645386,139.0
32.368966817855835,140.0
32.533485889434814,143.0
32.698535680770874,137.0
32.86302876472473,137.0
33.02782702445984,140.0
33.19302201271057,132.0
33.35741329193115,132.0
33.52218723297119,139.0
33.68728256225586,129.0
33.851842641830444,127.0
34.01672887802124,133.0
34.18165707588196,129.0
34.346364974975586,116.0
34.51115298271179,125.0
34.67576289176941,125.0
34.84079027175903,120.0
35.005675077438354,132.0
35.1703782081604,131.0
35.33524703979492,126.0
35.500306129455566,131.0
35.664692878723145,136.0
35.82962656021118,136.0
35.994585037231445,141.0
36.15918302536011,139.0
36.32406044006348,127.0
36.48878502845764,125.0
36.653420209884644,125.0
36.818578243255615,128.0
36.983160972595215,128.0
37.14803385734558,138.0
37.312986850738525,134.0
37.47753596305847,140.0
37.642462491989136,140.0
37.807427406311035,151.0
37.97197222709656,150.0
38.1369686126709,143.0
38.30161094665527,146.0
38.46628212928772,136.0
38.63133096694946,143.0
38.79597783088684,149.0
38.96089029312134,159.0
39.12577247619629,159.0
39.29039478302002,154.0
39.45527172088623,154.0
39.62006330490112,155.0
39.784754514694214,155.0
39.949485778808594,149.0
40.114418268203735,137.0
40.27918100357056,127.0
40.44424843788147,116.0
40.60879039764404,107.0
40.773234605789185,98.0
40.93828845024109,80.0
41.102848291397095,71.0
41.26770544052124,70.0
41.43269681930542,79.0
41.597190380096436,71.0
41.762202739715576,81.0
41.926860332489014,98.0
42.09181809425354,116.0
42.2569375038147,125.0
42.42145824432373,135.0
42.5862979888916,144.0
42.75146842002869,143.0
42.91608190536499,152.0
43.08070611953735,132.0
43.2458074092865,124.0
43.410348415374756,115.0
43.575305700302124,108.0
43.73997378349304,107.0
43.90487623214722,101.0
44.06950926780701,92.0
44.234272718429565,101.0
44.39914512634277,110.0
44.564107179641724,110.0
44.728801250457764,113.0
44.893738985061646,120.0
45.05844044685364,120.0
45.223186016082764,117.0
45.38832473754883,117.0
45.55277395248413,118.0
45.717663049697876,124.0
45.882732629776,133.0
46.04719376564026,129.0
46.21198487281799,134.0
46.377060651779175,144.0
46.54154562950134,154.0
46.70654249191284,168.0
46.87123370170593,178.0
47.036001205444336,185.0
47.20101976394653,176.0
47.365708351135254,176.0
47.53042793273926,176.0
47.695456743240356,166.0
47.859986305236816,165.0
48.02485537528992,156.0
48.18977093696594,142.0
48.35421919822693,138.0
48.51928210258484,142.0
48.68390727043152,150.0
48.84879112243652,153.0
49.01377034187317,155.0
49.17844295501709,150.0
49.34324264526367,146.0
49.508246660232544,151.0
49.672776222229004,151.0
49.837666749954224,151.0
50.00261569023132,143.0
50.1671347618103,144.0
50.33224105834961,151.0
50.49686598777771,155.0
50.66152811050415,164.0
50.826420307159424,154.0
50.99113392829895,152.0
51.1558997631073,155.0
51.32091403007507,163.0
51.485498666763306,162.0
51.65021347999573,160.0
51.815293312072754,157.0
51.97991633415222,148.0
52.14471411705017,158.0
52.30970597267151,150.0
52.474292278289795,142.0
52.63929057121277,134.0
52.80402326583862,126.0
52.9687397480011,130.0
53.13371562957764,134.0
53.298285722732544,134.0
53.463059186935425,124.0
53.628159284591675,124.0
53.792675495147705,124.0
53.957682609558105,131.0
54.12259292602539,131.0
54.28716683387756,130.0
54.45197629928589,126.0
54.61669921875,126.0
54.78156137466431,136.0
54.946483850479126,136.0
55.11120390892029,144.0
55.2760705947876,143.0
55.44102239608765,148.0
55.6055166721344,143.0
55.7705135345459,138.0
55.935343503952026,143.0
56.099857330322266,135.0
56.26494574546814,139.0
56.429447889328,142.0
56.59431529045105,142.0
56.759345293045044,146.0
56.923967361450195,151.0
57.088727951049805,155.0
57.253809452056885,150.0
57.41842603683472,156.0
57.58309364318848,152.0
57.74817609786987,147.0
57.912747621536255,145.0
58.077805042266846,144.0
58.242451190948486,143.0
58.40728545188904,139.0
58.57202863693237,141.0
58.73679208755493,132.0
58.90170359611511,137.0
59.066657066345215,139.0
59.23111057281494,138.0
59.3960075378418,137.0
59.56076192855835,136.0
59.725646018981934,145.0
59.890636682510376,149.0
60.055155754089355,149.0
60.21996092796326,144.0
60.3849995136261,138.0
60.54951620101929,145.0
60.714513063430786,150.0
60.87943506240845,143.0
61.04407358169556,138.0
61.20894742012024,138.0
61.37371850013733,146.0
61.53832006454468,158.0
61.70339107513428,161.0
61.86801099777222,161.0
62.03279185295105,162.0
62.19785761833191,172.0
62.36241888999939,173.0
62.52723526954651,170.0
62.6923131942749,168.0
62.85687518119812,156.0
63.02163290977478,150.0
63.18634390830994,144.0
63.35116624832153,141.0
63.516247034072876,142.0
63.68078112602234,139.0
63.845667362213135,139.0
64.01058292388916,138.0
64.17515134811401,145.0
64.34002995491028,150.0
64.50499129295349,147.0
64.66955542564392,142.0
64.83446311950684,136.0
64.99918484687805,138.0
65.16401028633118,135.0
65.3288848400116,141.0
65.49365711212158,134.0
65.65858006477356,128.0
65.82335686683655,128.0
65.98797965049744,125.0
66.15293431282043,132.0
66.31772899627686,136.0
66.48232126235962,136.0
66.6473548412323,126.0
66.81190848350525,179.0
66.97672152519226,191.0
67.14161276817322,196.0
67.30631446838379,198.0
67.47120523452759,194.0
67.63626551628113,191.0
67.80085778236389,198.0
67.96551632881165,205.0
68.13056588172913,163.0
68.2951717376709,156.0
68.46007013320923,159.0
68.6248984336853,165.0
68.78945422172546,168.0
68.9545304775238,174.0
69.11920237541199,167.0
69.28389620780945,159.0
69.44899916648865,148.0
69.61357069015503,143.0
69.7784264087677,136.0
69.9433708190918,136.0
70.10794949531555,134.0
70.273029088974,123.0
70.43748259544373,133.0
70.60232043266296,135.0
70.76743030548096,148.0
70.93187880516052,151.0
71.096853017807,151.0
71.2619137763977,143.0
71.42639183998108,142.0
71.59135627746582,148.0
71.75637412071228,137.0
71.92077827453613,141.0
72.08580565452576,133.0
72.25045704841614,134.0
72.41529035568237,143.0
72.58028984069824,155.0
72.74478435516357,159.0
72.90969705581665,168.0
73.07464981079102,177.0
73.23922824859619,176.0
73.40424966812134,178.0
73.56890845298767,180.0
73.73365426063538,171.0
73.89855718612671,163.0
74.06329584121704,160.0
74.22816824913025,153.0
74.39297699928284,153.0
74.55763602256775,159.0
74.7225615978241,164.0
74.88751459121704,160.0
75.05197358131409,159.0
75.21694660186768,156.0
75.38197064399719,169.0
75.5463936328888,170.0
75.7113311290741,162.0
75.8760917186737,152.0
76.04079103469849,139.0
76.20583605766296,140.0
76.37050414085388,140.0
76.53540110588074,145.0
76.7002739906311,124.0
76.86479568481445,132.0
77.02969717979431,126.0
77.19473385810852,136.0
77.35916566848755,136.0
77.52420091629028,147.0
77.68874335289001,152.0
77.85370206832886,157.0
78.01856970787048,164.0
78.18309450149536,156.0
78.3480076789856,163.0
78.51291966438293,168.0
78.67778062820435,168.0
78.84246134757996,167.0
79.00746250152588,171.0
79.17207479476929,161.0
79.33696722984314,162.0
79.50166058540344,153.0
79.66643118858337,151.0
79.83142590522766,141.0
79.99605345726013,151.0
80.16092920303345,149.0
80.32582712173462,151.0
80.49053072929382,171.0
80.6552894115448,167.0
80.82035279273987,178.0
80.98490738868713,189.0
81.14965391159058,176.0
81.31439161300659,158.0
81.47923684120178,167.0
81.64418196678162,156.0
81.80890536308289,136.0
81.9735586643219,139.0
82.13864064216614,135.0
82.30325818061829,134.0
82.46818232536316,154.0
82.6328763961792,170.0
82.79770851135254,149.0
82.96253275871277,161.0
83.12719511985779,172.0
83.29205250740051,164.0
83.45716047286987,167.0
83.62159085273743,171.0
83.78647661209106,165.0
83.95146226882935,169.0
84.11603832244873,177.0
84.28100633621216,171.0
84.44573307037354,167.0
84.61064267158508,173.0
84.7755138874054,174.0
84.94007086753845,179.0
85.10492634773254,177.0
85.26986908912659,169.0
85.4343569278717,175.0
85.5992021560669,171.0
85.76423382759094,177.0
85.92885279655457,174.0
86.09376907348633,176.0
86.25836682319641,167.0
86.42326951026917,173.0
86.58839893341064,182.0
86.75282716751099,173.0
86.91767859458923,185.0
87.08267283439636,182.0
87.24718976020813,177.0
87.41206455230713,165.0
87.57695722579956,160.0
87.74157929420471,162.0
87.90653800964355,149.0
88.07126688957214,157.0
88.23606276512146,143.0
88.40116167068481,140.0
88.56554102897644,143.0
88.73042035102844,153.0
88.89544582366943,154.0
89.06005239486694,154.0
89.22488975524902,163.0
89.3899097442627,160.0
89.55452013015747,166.0
89.71940112113953,165.0
89.88421559333801,165.0
90.0487334728241,164.0
90.21384143829346,169.0
90.3784658908844,170.0
90.54338359832764,169.0
90.70830988883972,169.0
90.87282609939575,169.0
91.0376615524292,171.0
91.20275092124939,169.0
91.36728596687317,160.0
91.53210163116455,162.0
91.69705152511597,163.0
91.86165690422058,155.0
92.0267686843872,155.0
92.19135689735413,154.0
92.3562080860138,153.0
92.52093815803528,163.0
92.68570327758789,163.0
92.8505699634552,158.0
93.01551342010498,145.0
93.18017935752869,145.0
93.34505152702332,137.0
93.50976419448853,132.0
93.67450642585754,135.0
93.83956098556519,132.0
94.00402665138245,133.0
94.16895413398743,128.0
94.33388805389404,128.0
94.49846911430359,128.0
94.66333937644958,134.0
94.82833456993103,134.0
94.99285626411438,127.0
95.15773582458496,119.0
95.32263255119324,122.0
95.4873902797699,123.0
95.65247321128845,133.0
95.81700563430786,144.0
95.98185610771179,141.0
96.14663362503052,147.0
96.31142091751099,149.0
96.4762282371521,159.0
96.64106512069702,155.0
96.80568146705627,156.0
96.97058725357056,151.0
97.13552904129028,145.0
97.30016803741455,154.0
97.46514749526978,148.0
97.62978839874268,143.0
97.79471349716187,136.0
97.95950365066528,143.0
98.12418580055237,147.0
98.28907442092896,142.0
98.45401096343994,137.0
98.61850214004517,128.0
98.78344821929932,133.0
98.94817471504211,133.0
99.11296796798706,137.0
99.27794909477234,140.0
99.44264030456543,145.0
99.60732316970825,155.0
99.77237272262573,167.0
99.93698453903198,167.0
100.10178232192993,162.0
100.2668046951294,165.0
100.43131995201111,161.0
100.59627485275269,151.0
100.76115441322327,147.0
100.92581486701965,146.0
101.09064865112305,135.0
101.2553596496582,137.0
101.42016530036926,137.0
101.58505535125732,139.0
101.74977421760559,139.0
101.91468358039856,142.0
102.07968473434448,136.0
102.24406933784485,132.0
102.40909719467163,143.0
102.5738537311554,143.0
102.73866558074951,149.0
102.90336751937866,157.0
103.06825995445251,158.0
103.23296570777893,156.0
103.39802193641663,153.0
103.56260442733765,154.0
103.72746515274048,145.0
103.89239764213562,146.0
104.05692553520203,146.0
104.22195553779602,144.0
104.38652420043945,139.0
104.55143475532532,142.0
104.71656823158264,140.0
104.880934715271,143.0
105.04571509361267,152.0
105.21081781387329,150.0
105.3753035068512,156.0
105.54025673866272,152.0
105.70524668693542,165.0
105.86962056159973,162.0
106.03466248512268,174.0
106.1993842124939,161.0
106.36408376693726,151.0
106.52905607223511,157.0
106.69380235671997,153.0
106.85854625701904,146.0
107.02352499961853,144.0
107.18804335594177,152.0
107.35294365882874,140.0
107.51787781715393,148.0
107.68247175216675,158.0
107.84739446640015,148.0
108.0122880935669,145.0
108.17706942558289,153.0
108.34206199645996,148.0
108.50649571418762,149.0
108.67145276069641,152.0
108.8364109992981,155.0
109.00100207328796,155.0
109.16594696044922,164.0
109.33074641227722,169.0
109.49542188644409,161.0
109.66047239303589,166.0
109.8249499797821,166.0
109.98974919319153,173.0
110.15477156639099,167.0
110.31939315795898,160.0
110.4843099117279,153.0
110.64918637275696,152.0
110.8138337135315,161.0
110.97860336303711,161.0
111.14357423782349,153.0
111.30823469161987,150.0
111.47309970855713,150.0
111.63761687278748,150.0
111.80241346359253,152.0
111.96750783920288,151.0
112.13210082054138,148.0
112.29695558547974,142.0
112.46199131011963,140.0
112.626540184021,134.0
112.7914228439331,137.0
112.95639610290527,138.0
113.12088322639465,134.0
113.28598928451538,128.0
113.4505205154419,128.0
113.61540484428406,124.0
113.7803750038147,129.0
113.94499111175537,135.0
114.10969996452332,143.0
114.27475905418396,167.0
114.43934607505798,169.0
114.60440015792847,171.0
114.76911187171936,171.0
114.93372988700867,171.0
115.0987389087677,169.0
115.26327157020569,164.0
115.42809271812439,157.0
115.59320902824402,133.0
115.75775933265686,137.0
115.92268300056458,135.0
116.08767700195312,133.0
116.25218224525452,135.0
116.41706156730652,135.0
116.58205127716064,144.0
116.7466492652893,145.0
116.91156530380249,148.0
117.07615852355957,148.0
117.24096322059631,150.0
117.40607333183289,152.0
117.57063913345337,155.0
117.73556351661682,154.0
117.90041899681091,148.0
118.06503510475159,152.0
118.22990298271179,147.0
118.39482355117798,145.0
118.55946564674377,159.0
118.72438907623291,166.0
118.88886380195618,162.0
119.05383372306824,157.0
119.21890568733215,154.0
119.38335657119751,152.0
119.54817461967468,159.0
119.71314454078674,154.0
119.87767601013184,145.0
120.04263997077942,143.0
120.20758152008057,155.0
120.37219023704529,164.0
120.53721523284912,174.0
120.70181560516357,166.0
120.86660766601562,169.0
121.03170204162598,176.0
121.19624328613281,175.0
121.36100840568542,165.0
121.52591967582703,163.0
121.69062519073486,163.0
121.85541772842407,161.0
122.02056288719177,169.0
122.18502831459045,161.0
122.35016322135925,166.0
122.51460599899292,168.0
122.67938590049744,168.0
122.8445348739624,162.0
123.00888180732727,164.0
123.17391538619995,167.0
123.33890199661255,164.0
123.50349521636963,165.0
123.66830658912659,158.0
123.83334565162659,154.0
123.99766659736633,163.0
124.16284012794495,168.0
124.3273196220398,169.0
124.49228644371033,158.0
124.6572151184082,155.0
124.8217523097992,153.0
124.98665118217468,154.0
125.15163373947144,160.0
125.3162043094635,160.0
125.481036901474,159.0
125.6460337638855,157.0
125.81049394607544,164.0
125.97568249702454,169.0
126.14018416404724,168.0
126.3050446510315,162.0
126.47008514404297,157.0
126.63466167449951,148.0
126.79938340187073,149.0
126.96457028388977,146.0
127.12903046607971,148.0
127.29374098777771,139.0
